-1.062500000000000000e+00 -2.049964999999999947e-04 -1.066170000000000062e+00 6.757719999999999396e-05
-1.051821608040200973e+00 -2.050259999999999984e-04 -1.056999999999999940e+00 6.750270000000000001e-05
-1.041143216080401945e+00 -2.050560000000000100e-04 -1.044669999999999987e+00 6.751759999999999880e-05
-1.030464824120602918e+00 -2.050555000000000021e-04 -1.032335000000000003e+00 6.753250000000001114e-05
-1.019786432160804113e+00 -2.050409999999999906e-04 -1.023169999999999913e+00 6.754739999999999638e-05
-1.009108040201005085e+00 -2.050704999999999943e-04 -1.012334999999999985e+00 6.754739999999999638e-05
-9.984296482412060580e-01 -2.050259999999999984e-04 -1.001665000000000028e+00 6.756229999999999517e-05
-9.877512562814070307e-01 -2.050560000000000100e-04 -9.916669999999999652e-01 6.756229999999999517e-05
-9.770728643216080034e-01 -2.051154999999999981e-04 -9.801664999999999406e-01 6.745800000000000364e-05
-9.663944723618090871e-01 -2.050409999999999906e-04 -9.709999999999999742e-01 6.753250000000001114e-05
-9.557160804020100597e-01 -2.049964999999999947e-04 -9.596664999999999779e-01 6.754739999999999638e-05
-9.450376884422110324e-01 -2.050110000000000062e-04 -9.493335000000000523e-01 6.750270000000000001e-05
-9.343592964824121161e-01 -2.051005000000000059e-04 -9.381664999999999033e-01 6.748780000000000122e-05
-9.236809045226130888e-01 -2.050560000000000100e-04 -9.279999999999999361e-01 6.751759999999999880e-05
-9.130025125628140614e-01 -2.049660000000000024e-04 -9.158334999999999670e-01 6.760699999999999154e-05
-9.023241206030150341e-01 -2.049514999999999909e-04 -9.051670000000000549e-01 6.760699999999999154e-05
-8.916457286432161178e-01 -2.049959999999999868e-04 -8.958334999999999493e-01 6.760699999999999154e-05
-8.809673366834170904e-01 -2.050705000000000214e-04 -8.851664999999999672e-01 6.751759999999999880e-05
-8.702889447236180631e-01 -2.049364999999999987e-04 -8.734999999999999432e-01 6.762190000000000388e-05
-8.596105527638191468e-01 -2.051154999999999981e-04 -8.634999999999999343e-01 6.747290000000000243e-05
-8.489321608040201195e-01 -2.050555000000000021e-04 -8.529999999999999805e-01 6.751759999999999880e-05
-8.382537688442210921e-01 -2.049369999999999794e-04 -8.408329999999999416e-01 6.765170000000000146e-05
-8.275753768844220648e-01 -2.049964999999999947e-04 -8.320000000000000728e-01 6.760699999999999154e-05
-8.168969849246231485e-01 -2.049665000000000102e-04 -8.198334999999999928e-01 6.762190000000000388e-05
-8.062185929648241212e-01 -2.050560000000000100e-04 -8.093335000000000390e-01 6.748780000000000122e-05
-7.955402010050252049e-01 -2.050259999999999984e-04 -7.971665000000000001e-01 6.753249999999999759e-05
-7.848618090452261775e-01 -2.050259999999999984e-04 -7.876665000000000472e-01 6.756230000000000872e-05
-7.741834170854271502e-01 -2.050560000000000100e-04 -7.784999999999999698e-01 6.757719999999999396e-05
-7.635050251256281229e-01 -2.051455000000000097e-04 -7.661664999999999726e-01 6.744309999999999129e-05
-7.528266331658290955e-01 -2.051304999999999904e-04 -7.556665000000000187e-01 6.747290000000000243e-05
-7.421482412060301792e-01 -2.051599999999999941e-04 -7.456665000000000099e-01 6.741329999999999371e-05
-7.314698492462311519e-01 -2.051450000000000018e-04 -7.355000000000000426e-01 6.741329999999999371e-05
-7.207914572864322356e-01 -2.051005000000000059e-04 -7.249999999999999778e-01 6.747290000000000243e-05
-7.101130653266332082e-01 -2.051599999999999941e-04 -7.156670000000000531e-01 6.742820000000000606e-05
-6.994346733668341809e-01 -2.051005000000000059e-04 -7.018329999999999291e-01 6.739840000000000848e-05
-6.887562814070351536e-01 -2.051749999999999863e-04 -6.918334999999999901e-01 6.738349999999999613e-05
-6.780778894472361262e-01 -2.051749999999999863e-04 -6.803335000000000354e-01 6.745800000000000364e-05
-6.673994974874372099e-01 -2.051304999999999904e-04 -6.703329999999999567e-01 6.747290000000000243e-05
-6.567211055276382936e-01 -2.050859999999999944e-04 -6.583329999999999460e-01 6.745800000000000364e-05
-6.460427135678392663e-01 -2.051749999999999863e-04 -6.498334999999999528e-01 6.744310000000000485e-05
-6.353643216080402389e-01 -2.051005000000000059e-04 -6.398334999999999440e-01 6.745800000000000364e-05
-6.246859296482412116e-01 -2.051599999999999941e-04 -6.290000000000000036e-01 6.741329999999999371e-05
-6.140075376884421843e-01 -2.051599999999999941e-04 -6.183330000000000215e-01 6.742820000000000606e-05
-6.033291457286432680e-01 -2.051304999999999904e-04 -6.083330000000000126e-01 6.751759999999999880e-05
-5.926507537688442406e-01 -2.051599999999999941e-04 -5.953330000000000011e-01 6.741329999999999371e-05
-5.819723618090453243e-01 -2.051600000000000212e-04 -5.843329999999999913e-01 6.742820000000000606e-05
-5.712939698492462970e-01 -2.051604999999999748e-04 -5.743335000000000523e-01 6.741329999999999371e-05
-5.606155778894472697e-01 -2.051455000000000097e-04 -5.643329999999999735e-01 6.739840000000000848e-05
-5.499371859296482423e-01 -2.051455000000000097e-04 -5.528334999999999777e-01 6.741329999999999371e-05
-5.392587939698493260e-01 -2.051450000000000018e-04 -5.421664999999999957e-01 6.745800000000000364e-05
-5.285804020100502987e-01 -2.051299999999999825e-04 -5.326670000000000016e-01 6.741329999999999371e-05
-5.179020100502512713e-01 -2.051450000000000018e-04 -5.210000000000000187e-01 6.748780000000000122e-05
-5.072236180904522440e-01 -2.051154999999999981e-04 -5.110000000000000098e-01 6.745800000000000364e-05
-4.965452261306533277e-01 -2.050854999999999866e-04 -5.000000000000000000e-01 6.748780000000000122e-05
-4.858668341708543004e-01 -2.051450000000000018e-04 -4.905000000000000471e-01 6.739840000000000848e-05
-4.751884422110552730e-01 -2.051304999999999904e-04 -4.773330000000000073e-01 6.742820000000000606e-05
-4.645100502512563567e-01 -2.051450000000000018e-04 -4.679999999999999716e-01 6.744310000000000485e-05
-4.538316582914573294e-01 -2.051154999999999981e-04 -4.566664999999999752e-01 6.745800000000000364e-05
-4.431532663316583021e-01 -2.051299999999999825e-04 -4.473334999999999950e-01 6.745800000000000364e-05
-4.324748743718593857e-01 -2.051299999999999825e-04 -4.356665000000000121e-01 6.745800000000000364e-05
-4.217964824120603584e-01 -2.051299999999999825e-04 -4.253330000000000166e-01 6.744310000000000485e-05
-4.111180904522613311e-01 -2.051010000000000138e-04 -4.144999999999999796e-01 6.748780000000000122e-05
-4.004396984924623037e-01 -2.050560000000000100e-04 -4.036665000000000392e-01 6.750270000000000001e-05
-3.897613065326633874e-01 -2.050859999999999944e-04 -3.946669999999999900e-01 6.747290000000000243e-05
-3.790829145728643601e-01 -2.051005000000000059e-04 -3.821664999999999646e-01 6.742820000000000606e-05
-3.684045226130653328e-01 -2.051005000000000059e-04 -3.715000000000000524e-01 6.744310000000000485e-05
-3.577261306532664165e-01 -2.051154999999999981e-04 -3.623334999999999750e-01 6.747290000000000243e-05
-3.470477386934673891e-01 -2.051304999999999904e-04 -3.506664999999999921e-01 6.742820000000000606e-05
-3.363693467336683618e-01 -2.051005000000000059e-04 -3.400000000000000244e-01 6.745800000000000364e-05
-3.256909547738693345e-01 -2.051304999999999904e-04 -3.305000000000000160e-01 6.739839999999999492e-05
-3.150125628140704181e-01 -2.051154999999999981e-04 -3.201665000000000205e-01 6.742820000000000606e-05
-3.043341708542713908e-01 -2.051154999999999981e-04 -3.086670000000000247e-01 6.745800000000000364e-05
-2.936557788944723635e-01 -2.051154999999999981e-04 -2.963335000000000274e-01 6.747290000000000243e-05
-2.829773869346734472e-01 -2.051600000000000212e-04 -2.868330000000000046e-01 6.744310000000000485e-05
-2.722989949748744198e-01 -2.051304999999999904e-04 -2.771669999999999967e-01 6.742820000000000606e-05
-2.616206030150753925e-01 -2.050854999999999866e-04 -2.654999999999999583e-01 6.748780000000000122e-05
-2.509422110552764762e-01 -2.051299999999999825e-04 -2.543334999999999901e-01 6.745800000000000364e-05
-2.402638190954774489e-01 -2.050854999999999866e-04 -2.436665000000000081e-01 6.747290000000000243e-05
-2.295854271356784215e-01 -2.050854999999999866e-04 -2.333334999999999992e-01 6.748780000000000122e-05
-2.189070351758793942e-01 -2.051154999999999981e-04 -2.230000000000000038e-01 6.748780000000000122e-05
-2.082286432160804779e-01 -2.051304999999999904e-04 -2.118335000000000079e-01 6.747289999999998887e-05
-1.975502512562814506e-01 -2.051005000000000059e-04 -2.028334999999999999e-01 6.750270000000000001e-05
-1.868718592964824232e-01 -2.050560000000000100e-04 -1.895000000000000018e-01 6.751759999999999880e-05
-1.761934673366835069e-01 -2.051005000000000059e-04 -1.798334999999999795e-01 6.747290000000000243e-05
-1.655150753768844796e-01 -2.050560000000000100e-04 -1.681670000000000109e-01 6.754739999999999638e-05
-1.548366834170854522e-01 -2.050110000000000062e-04 -1.591664999999999885e-01 6.757719999999999396e-05
-1.441582914572865359e-01 -2.050259999999999984e-04 -1.473335000000000061e-01 6.756229999999999517e-05
-1.334798994974875086e-01 -2.050560000000000100e-04 -1.368334999999999968e-01 6.753249999999999759e-05
-1.228015075376884813e-01 -2.050854999999999866e-04 -1.236669999999999991e-01 6.745800000000000364e-05
-1.121231155778894539e-01 -2.050859999999999944e-04 -1.153335000000000055e-01 6.754739999999999638e-05
-1.014447236180905376e-01 -2.050710000000000022e-04 -1.053329999999999961e-01 6.750270000000000001e-05
-9.076633165829151029e-02 -2.052944999999999976e-04 -9.333334999999999548e-02 6.729410000000000339e-05
-8.008793969849248295e-02 -2.051299999999999825e-04 -8.299999999999999045e-02 6.750270000000000001e-05
-6.940954773869356664e-02 -2.050259999999999984e-04 -7.316670000000000118e-02 6.754739999999999638e-05
-5.873115577889453931e-02 -2.049810000000000217e-04 -6.466664999999999219e-02 6.760699999999999154e-05
-4.805276381909551198e-02 -2.049964999999999947e-04 -5.266664999999999541e-02 6.759210000000000630e-05
-3.737437185929648464e-02 -2.050110000000000062e-04 -4.033330000000000248e-02 6.757719999999999396e-05
-2.669597989949745731e-02 -2.050409999999999906e-04 -3.066670000000000160e-02 6.748780000000000122e-05
-1.601758793969865202e-02 -2.049964999999999947e-04 -1.883334999999999870e-02 6.757719999999999396e-05
-5.339195979899624689e-03 -2.050259999999999984e-04 -8.000000000000000167e-03 6.753249999999999759e-05
5.339195979899402644e-03 -2.050560000000000100e-04 4.166664999999999952e-03 6.753249999999999759e-05
1.601758793969842998e-02 -2.052795000000000054e-04 1.416664999999999938e-02 6.726430000000000581e-05
2.669597989949745731e-02 -2.055624999999999889e-04 2.500000000000000139e-02 6.704079999999999686e-05
3.737437185929648464e-02 -2.056369999999999964e-04 3.416670000000000124e-02 6.693650000000000533e-05
4.805276381909551198e-02 -2.057114999999999768e-04 4.483329999999999954e-02 6.687689999999999661e-05
5.873115577889431727e-02 -2.058305000000000074e-04 5.716664999999999941e-02 6.677260000000000508e-05
6.940954773869334460e-02 -2.058460000000000075e-04 6.700000000000000400e-02 6.674274999999999045e-05
8.008793969849237193e-02 -2.057415000000000155e-04 7.733334999999999515e-02 6.683220000000000024e-05
9.076633165829139926e-02 -2.058904999999999763e-04 8.716664999999999830e-02 6.668314999999999529e-05
1.014447236180904266e-01 -2.058750000000000033e-04 1.001668500000000017e-01 6.668319999999999879e-05
1.121231155778894539e-01 -2.059499999999999916e-04 1.103330000000000005e-01 6.662355000000000013e-05
1.228015075376884813e-01 -2.059800000000000032e-04 1.208334999999999965e-01 6.659375000000000255e-05
1.334798994974872866e-01 -2.059645000000000030e-04 1.295000000000000040e-01 6.657884999999999021e-05
1.441582914572863139e-01 -2.059944999999999875e-04 1.406664999999999999e-01 6.660864999999998779e-05
1.548366834170853412e-01 -2.060095000000000069e-04 1.514999999999999958e-01 6.654904999999999263e-05
1.655150753768843686e-01 -2.060244999999999991e-04 1.631664999999999921e-01 6.657885000000000376e-05
1.761934673366833959e-01 -2.060540000000000028e-04 1.746669999999999889e-01 6.650435000000000981e-05
1.868718592964824232e-01 -2.060839999999999872e-04 1.846665000000000112e-01 6.650435000000000981e-05
1.975502512562812285e-01 -2.060990000000000066e-04 1.966665000000000219e-01 6.648944999999999747e-05
2.082286432160802558e-01 -2.061289999999999911e-04 2.063329999999999886e-01 6.644475000000000110e-05
2.189070351758792832e-01 -2.062330000000000023e-04 2.159999999999999976e-01 6.638514999999999239e-05
2.295854271356783105e-01 -2.062030000000000178e-04 2.281664999999999943e-01 6.637020000000000365e-05
2.402638190954773378e-01 -2.061585000000000219e-04 2.388334999999999764e-01 6.640005000000000473e-05
2.509422110552763652e-01 -2.061885000000000063e-04 2.474999999999999978e-01 6.641494999999998997e-05
2.616206030150753925e-01 -2.062330000000000023e-04 2.611669999999999825e-01 6.632554999999999723e-05
2.722989949748741978e-01 -2.062774999999999982e-04 2.711664999999999770e-01 6.640005000000000473e-05
2.829773869346732251e-01 -2.061440000000000104e-04 2.801669999999999994e-01 6.645964999999999989e-05
2.936557788944722525e-01 -2.061134999999999909e-04 2.920000000000000373e-01 6.641495000000000352e-05
3.043341708542712798e-01 -2.061734999999999870e-04 3.038334999999999786e-01 6.637025000000000715e-05
3.150125628140703071e-01 -2.060839999999999872e-04 3.135000000000000009e-01 6.645964999999999989e-05
3.256909547738693345e-01 -2.061734999999999870e-04 3.229999999999999538e-01 6.640005000000000473e-05
3.363693467336683618e-01 -2.061584999999999948e-04 3.338335000000000052e-01 6.642980000000001236e-05
3.470477386934671671e-01 -2.061139999999999988e-04 3.448330000000000006e-01 6.648944999999999747e-05
3.577261306532661944e-01 -2.061729999999999791e-04 3.559999999999999831e-01 6.644474999999998755e-05
3.684045226130652217e-01 -2.061440000000000104e-04 3.651665000000000050e-01 6.645964999999999989e-05
3.790829145728642491e-01 -2.061729999999999791e-04 3.756669999999999732e-01 6.642985000000000231e-05
3.897613065326632764e-01 -2.060990000000000066e-04 3.868329999999999824e-01 6.644475000000000110e-05
4.004396984924623037e-01 -2.061885000000000063e-04 3.976669999999999927e-01 6.641495000000000352e-05
4.111180904522613311e-01 -2.061734999999999870e-04 4.081664999999999877e-01 6.642985000000000231e-05
4.217964824120601364e-01 -2.061585000000000219e-04 4.211670000000000136e-01 6.642985000000000231e-05
4.324748743718591637e-01 -2.061584999999999948e-04 4.298334999999999795e-01 6.640005000000000473e-05
4.431532663316581910e-01 -2.061584999999999948e-04 4.400000000000000022e-01 6.641494999999998997e-05
4.538316582914572184e-01 -2.062029999999999907e-04 4.511669999999999847e-01 6.641495000000000352e-05
4.645100502512562457e-01 -2.061885000000000063e-04 4.620000000000000218e-01 6.641495000000000352e-05
4.751884422110552730e-01 -2.061435000000000025e-04 4.711664999999999881e-01 6.647454999999999868e-05
4.858668341708540783e-01 -2.061584999999999948e-04 4.843330000000000135e-01 6.642985000000000231e-05
4.965452261306531057e-01 -2.062035000000000257e-04 4.933334999999999804e-01 6.640005000000000473e-05
5.072236180904521330e-01 -2.061734999999999870e-04 5.040000000000000036e-01 6.641495000000000352e-05
5.179020100502511603e-01 -2.061435000000000025e-04 5.155000000000000693e-01 6.641495000000000352e-05
5.285804020100501877e-01 -2.061284999999999832e-04 5.261664999999999814e-01 6.644475000000000110e-05
5.392587939698492150e-01 -2.061734999999999870e-04 5.370000000000000329e-01 6.642985000000000231e-05
5.499371859296482423e-01 -2.060984999999999987e-04 5.483329999999999593e-01 6.645964999999999989e-05
5.606155778894470476e-01 -2.061584999999999948e-04 5.593335000000000390e-01 6.641495000000000352e-05
5.712939698492460749e-01 -2.061584999999999948e-04 5.678330000000000322e-01 6.642985000000000231e-05
5.819723618090451023e-01 -2.061885000000000063e-04 5.793334999999999457e-01 6.641495000000000352e-05
5.926507537688441296e-01 -2.061885000000000063e-04 5.908329999999999416e-01 6.641495000000000352e-05
6.033291457286431569e-01 -2.062184999999999908e-04 6.016664999999999930e-01 6.640005000000000473e-05
6.140075376884421843e-01 -2.061289999999999911e-04 6.111670000000000158e-01 6.641494999999998997e-05
6.246859296482412116e-01 -2.061734999999999870e-04 6.245000000000000551e-01 6.641495000000000352e-05
6.353643216080400169e-01 -2.060990000000000066e-04 6.336669999999999803e-01 6.648944999999999747e-05
6.460427135678390442e-01 -2.061734999999999870e-04 6.436665000000000303e-01 6.645964999999999989e-05
6.567211055276380716e-01 -2.060545000000000107e-04 6.543330000000000535e-01 6.647454999999999868e-05
6.673994974874370989e-01 -2.060990000000000066e-04 6.643329999999999513e-01 6.647454999999999868e-05
6.780778894472361262e-01 -2.060990000000000066e-04 6.773335000000000328e-01 6.644475000000000110e-05
6.887562814070351536e-01 -2.060984999999999987e-04 6.875000000000000000e-01 6.642985000000000231e-05
6.994346733668341809e-01 -2.061885000000000063e-04 6.963334999999999386e-01 6.641494999999998997e-05
7.101130653266329862e-01 -2.061435000000000025e-04 7.079999999999999627e-01 6.642985000000000231e-05
7.207914572864320135e-01 -2.061435000000000025e-04 7.166664999999999841e-01 6.644475000000000110e-05
7.314698492462310409e-01 -2.062035000000000257e-04 7.289999999999999813e-01 6.640005000000000473e-05
7.421482412060300682e-01 -2.060984999999999987e-04 7.404999999999999361e-01 6.645964999999999989e-05
7.528266331658290955e-01 -2.060990000000000066e-04 7.506669999999999732e-01 6.642985000000000231e-05
7.635050251256281229e-01 -2.060839999999999872e-04 7.616669999999999829e-01 6.647455000000001223e-05
7.741834170854269281e-01 -2.061139999999999988e-04 7.730000000000000204e-01 6.641494999999998997e-05
7.848618090452259555e-01 -2.061135000000000181e-04 7.824999999999999734e-01 6.645964999999999989e-05
7.955402010050249828e-01 -2.061584999999999948e-04 7.926670000000000105e-01 6.642985000000000231e-05
8.062185929648240101e-01 -2.060839999999999872e-04 8.031669999999999643e-01 6.645964999999999989e-05
8.168969849246230375e-01 -2.061134999999999909e-04 8.148334999999999884e-01 6.642985000000000231e-05
8.275753768844220648e-01 -2.063374999999999942e-04 8.245000000000000107e-01 6.629570000000000970e-05
8.382537688442210921e-01 -2.062924999999999904e-04 8.348335000000000061e-01 6.623609999999998743e-05
8.489321608040198974e-01 -2.062780000000000061e-04 8.476664999999999894e-01 6.631065000000001199e-05
8.596105527638189248e-01 -2.062929999999999983e-04 8.591664999999999441e-01 6.631064999999999844e-05
8.702889447236179521e-01 -2.063225000000000020e-04 8.674999999999999378e-01 6.628084999999998730e-05
8.809673366834169794e-01 -2.063370000000000135e-04 8.783334999999999892e-01 6.625099999999999978e-05
8.916457286432160068e-01 -2.063074999999999827e-04 8.890000000000000124e-01 6.628079999999999736e-05
9.023241206030150341e-01 -2.062774999999999982e-04 8.983330000000000481e-01 6.625099999999999978e-05
9.130025125628140614e-01 -2.062475000000000137e-04 9.090000000000000302e-01 6.634044999999999602e-05
9.236809045226128667e-01 -2.062624999999999788e-04 9.206665000000000543e-01 6.626590000000001212e-05
9.343592964824118940e-01 -2.062924999999999904e-04 9.296670000000000211e-01 6.634044999999999602e-05
9.450376884422109214e-01 -2.061879999999999984e-04 9.411665000000000170e-01 6.635534999999999481e-05
9.557160804020097267e-01 -2.062774999999999982e-04 9.558335000000000026e-01 6.629574999999999965e-05
9.663944723618089760e-01 -2.062179999999999829e-04 9.619999999999999662e-01 6.638514999999999239e-05
9.770728643216077813e-01 -2.061584999999999948e-04 9.748334999999999084e-01 6.637025000000000715e-05
9.877512562814070307e-01 -2.062475000000000137e-04 9.841664999999999441e-01 6.631059999999999494e-05
9.984296482412058360e-01 -2.062184999999999908e-04 9.956665000000000099e-01 6.638514999999999239e-05
1.009108040201005085e+00 -2.062035000000000257e-04 1.006164999999999976e+00 6.637025000000000715e-05
1.019786432160803891e+00 -2.062629999999999867e-04 1.017164999999999875e+00 6.634044999999999602e-05
1.030464824120602696e+00 -2.062330000000000023e-04 1.029164999999999885e+00 6.631064999999999844e-05
1.041143216080401945e+00 -2.062774999999999982e-04 1.037835000000000063e+00 6.631064999999999844e-05
1.051821608040200751e+00 -2.062624999999999788e-04 1.049335000000000129e+00 6.635534999999999481e-05
1.062500000000000000e+00 -2.062480000000000216e-04 1.060999999999999943e+00 6.634045000000000957e-05
1.062500000000000000e+00 -2.062925000000000175e-04 1.060664999999999969e+00 6.632554999999999723e-05
1.051821608040200973e+00 -2.062029999999999907e-04 1.047835000000000072e+00 6.640005000000000473e-05
1.041143216080401945e+00 -2.062480000000000216e-04 1.039499999999999869e+00 6.635534999999999481e-05
1.030464824120602918e+00 -2.062780000000000061e-04 1.025500000000000078e+00 6.632554999999999723e-05
1.019786432160804113e+00 -2.064564999999999977e-04 1.016834999999999933e+00 6.613179999999999590e-05
1.009108040201005085e+00 -2.063225000000000020e-04 1.006499999999999950e+00 6.631059999999999494e-05
9.984296482412060580e-01 -2.062774999999999982e-04 9.948330000000000783e-01 6.628079999999999736e-05
9.877512562814070307e-01 -2.062330000000000023e-04 9.855000000000000426e-01 6.632554999999999723e-05
9.770728643216080034e-01 -2.062480000000000216e-04 9.749999999999999778e-01 6.634044999999999602e-05
9.663944723618090871e-01 -2.063225000000000020e-04 9.641664999999999264e-01 6.631059999999999494e-05
9.557160804020100597e-01 -2.061584999999999948e-04 9.539999999999999591e-01 6.637025000000000715e-05
9.450376884422110324e-01 -2.061879999999999984e-04 9.433335000000000470e-01 6.635534999999999481e-05
9.343592964824121161e-01 -2.061885000000000063e-04 9.311665000000000081e-01 6.634045000000000957e-05
9.236809045226130888e-01 -2.062330000000000023e-04 9.220000000000000417e-01 6.634039999999999252e-05
9.130025125628140614e-01 -2.062330000000000023e-04 9.106670000000000043e-01 6.640005000000000473e-05
9.023241206030150341e-01 -2.062330000000000023e-04 9.005000000000000782e-01 6.641495000000000352e-05
8.916457286432161178e-01 -2.061435000000000025e-04 8.885000000000000675e-01 6.638514999999999239e-05
8.809673366834170904e-01 -2.062180000000000100e-04 8.783330000000000304e-01 6.634045000000000957e-05
8.702889447236180631e-01 -2.062034999999999986e-04 8.681665000000000632e-01 6.641495000000000352e-05
8.596105527638191468e-01 -2.062480000000000216e-04 8.559999999999999831e-01 6.632554999999999723e-05
8.489321608040201195e-01 -2.062480000000000216e-04 8.453334999999999599e-01 6.634044999999999602e-05
8.382537688442210921e-01 -2.062925000000000175e-04 8.355000000000000204e-01 6.628079999999999736e-05
8.275753768844220648e-01 -2.062625000000000060e-04 8.251664999999999139e-01 6.632554999999999723e-05
8.168969849246231485e-01 -2.062475000000000137e-04 8.146670000000000300e-01 6.629574999999999965e-05
8.062185929648241212e-01 -2.062480000000000216e-04 8.024999999999999911e-01 6.628079999999999736e-05
7.955402010050252049e-01 -2.062330000000000023e-04 7.926670000000000105e-01 6.632549999999999373e-05
7.848618090452261775e-01 -2.062774999999999982e-04 7.833329999999999460e-01 6.629570000000000970e-05
7.741834170854271502e-01 -2.061435000000000025e-04 7.710000000000000187e-01 6.647454999999999868e-05
7.635050251256281229e-01 -2.060839999999999872e-04 7.610000000000000098e-01 6.651924999999999505e-05
7.528266331658290955e-01 -2.061135000000000181e-04 7.506669999999999732e-01 6.641495000000000352e-05
7.421482412060301792e-01 -2.061134999999999909e-04 7.399999999999999911e-01 6.650434999999999626e-05
7.314698492462311519e-01 -2.060695000000000029e-04 7.296669999999999545e-01 6.648944999999999747e-05
7.207914572864322356e-01 -2.060839999999999872e-04 7.193334999999999591e-01 6.647455000000001223e-05
7.101130653266332082e-01 -2.060244999999999991e-04 7.073329999999999895e-01 6.653415000000000739e-05
6.994346733668341809e-01 -2.060695000000000029e-04 6.959999999999999520e-01 6.651924999999999505e-05
6.887562814070351536e-01 -2.061435000000000025e-04 6.889999999999999458e-01 6.645964999999999989e-05
6.780778894472361262e-01 -2.060839999999999872e-04 6.760000000000000453e-01 6.645964999999999989e-05
6.673994974874372099e-01 -2.061289999999999911e-04 6.663329999999999531e-01 6.645964999999999989e-05
6.567211055276382936e-01 -2.061284999999999832e-04 6.536665000000000392e-01 6.641494999999998997e-05
6.460427135678392663e-01 -2.061435000000000025e-04 6.445000000000000728e-01 6.645964999999999989e-05
6.353643216080402389e-01 -2.061139999999999988e-04 6.334999999999999520e-01 6.650435000000000981e-05
6.246859296482412116e-01 -2.061440000000000104e-04 6.236669999999999714e-01 6.642985000000000231e-05
6.140075376884421843e-01 -2.060839999999999872e-04 6.113334999999999742e-01 6.645964999999999989e-05
6.033291457286432680e-01 -2.061734999999999870e-04 6.006664999999999921e-01 6.641494999999998997e-05
5.926507537688442406e-01 -2.061284999999999832e-04 5.915000000000000258e-01 6.642985000000000231e-05
5.819723618090453243e-01 -2.061139999999999988e-04 5.779999999999999583e-01 6.647454999999999868e-05
5.712939698492462970e-01 -2.060984999999999987e-04 5.673329999999999762e-01 6.644475000000000110e-05
5.606155778894472697e-01 -2.060839999999999872e-04 5.593335000000000390e-01 6.648944999999999747e-05
5.499371859296482423e-01 -2.061585000000000219e-04 5.478330000000000144e-01 6.640005000000000473e-05
5.392587939698493260e-01 -2.061734999999999870e-04 5.355000000000000870e-01 6.637025000000000715e-05
5.285804020100502987e-01 -2.061885000000000063e-04 5.270000000000000240e-01 6.638514999999999239e-05
5.179020100502512713e-01 -2.061734999999999870e-04 5.150000000000000133e-01 6.642985000000000231e-05
5.072236180904522440e-01 -2.060689999999999950e-04 5.041664999999999619e-01 6.650435000000000981e-05
4.965452261306533277e-01 -2.061289999999999911e-04 4.943334999999999813e-01 6.648944999999999747e-05
4.858668341708543004e-01 -2.061584999999999948e-04 4.826664999999999983e-01 6.650435000000000981e-05
4.751884422110552730e-01 -2.060984999999999987e-04 4.733330000000000037e-01 6.653415000000000739e-05
4.645100502512563567e-01 -2.060545000000000107e-04 4.615000000000000213e-01 6.651924999999999505e-05
4.538316582914573294e-01 -2.060839999999999872e-04 4.511669999999999847e-01 6.647454999999999868e-05
4.431532663316583021e-01 -2.061584999999999948e-04 4.389999999999999458e-01 6.641495000000000352e-05
4.324748743718593857e-01 -2.061139999999999988e-04 4.300000000000000488e-01 6.648944999999999747e-05
4.217964824120603584e-01 -2.060389999999999834e-04 4.196670000000000122e-01 6.656395000000000497e-05
4.111180904522613311e-01 -2.060540000000000028e-04 4.091664999999999885e-01 6.647455000000001223e-05
4.004396984924623037e-01 -2.061584999999999948e-04 3.975000000000000200e-01 6.647454999999999868e-05
3.897613065326633874e-01 -2.061139999999999988e-04 3.861664999999999681e-01 6.648944999999999747e-05
3.790829145728643601e-01 -2.060990000000000066e-04 3.768334999999999879e-01 6.644474999999998755e-05
3.684045226130653328e-01 -2.060984999999999987e-04 3.651665000000000050e-01 6.648944999999999747e-05
3.577261306532664165e-01 -2.060244999999999991e-04 3.555000000000000382e-01 6.657884999999999021e-05
3.470477386934673891e-01 -2.060389999999999834e-04 3.454999999999999738e-01 6.656395000000000497e-05
3.363693467336683618e-01 -2.060839999999999872e-04 3.338329999999999909e-01 6.648944999999999747e-05
3.256909547738693345e-01 -2.060990000000000066e-04 3.245000000000000107e-01 6.648944999999999747e-05
3.150125628140704181e-01 -2.060990000000000066e-04 3.126669999999999727e-01 6.653415000000000739e-05
3.043341708542713908e-01 -2.060695000000000029e-04 3.040000000000000480e-01 6.653415000000000739e-05
2.936557788944723635e-01 -2.060689999999999950e-04 2.910000000000000364e-01 6.648944999999999747e-05
2.829773869346734472e-01 -2.060695000000000029e-04 2.810000000000000275e-01 6.653415000000000739e-05
2.722989949748744198e-01 -2.060990000000000066e-04 2.688329999999999886e-01 6.653415000000000739e-05
2.616206030150753925e-01 -2.060990000000000066e-04 2.593334999999999946e-01 6.645964999999999989e-05
2.509422110552764762e-01 -2.060990000000000066e-04 2.503334999999999866e-01 6.648944999999999747e-05
2.402638190954774489e-01 -2.060839999999999872e-04 2.386669999999999903e-01 6.651924999999999505e-05
2.295854271356784215e-01 -2.060389999999999834e-04 2.275000000000000078e-01 6.650435000000000981e-05
2.189070351758793942e-01 -2.060990000000000066e-04 2.161669999999999980e-01 6.653415000000000739e-05
2.082286432160804779e-01 -2.060394999999999913e-04 2.079999999999999905e-01 6.653415000000000739e-05
1.975502512562814506e-01 -2.060689999999999950e-04 1.953334999999999932e-01 6.650435000000000981e-05
1.868718592964824232e-01 -2.060389999999999834e-04 1.853329999999999977e-01 6.650435000000000981e-05
1.761934673366835069e-01 -2.060540000000000028e-04 1.753329999999999889e-01 6.651924999999999505e-05
1.655150753768844796e-01 -2.061135000000000181e-04 1.645000000000000073e-01 6.645964999999999989e-05
1.548366834170854522e-01 -2.060839999999999872e-04 1.533329999999999971e-01 6.647455000000001223e-05
1.441582914572865359e-01 -2.060239999999999912e-04 1.413335000000000008e-01 6.650435000000000981e-05
1.334798994974875086e-01 -2.060095000000000069e-04 1.303330000000000044e-01 6.657884999999999021e-05
1.228015075376884813e-01 -2.060540000000000028e-04 1.228334999999999982e-01 6.651924999999999505e-05
1.121231155778894539e-01 -2.060545000000000107e-04 1.098330000000000001e-01 6.647454999999999868e-05
1.014447236180905376e-01 -2.061289999999999911e-04 1.000000000000000056e-01 6.647454999999999868e-05
9.076633165829151029e-02 -2.061134999999999909e-04 8.949999999999999623e-02 6.647454999999999868e-05
8.008793969849248295e-02 -2.060689999999999950e-04 7.999999999999998779e-02 6.648944999999999747e-05
6.940954773869356664e-02 -2.060839999999999872e-04 6.633334999999999926e-02 6.644475000000000110e-05
5.873115577889453931e-02 -2.060984999999999987e-04 5.849999999999999645e-02 6.647455000000001223e-05
4.805276381909551198e-02 -2.061284999999999832e-04 4.566665000000000307e-02 6.648944999999999747e-05
3.737437185929648464e-02 -2.060095000000000069e-04 3.466670000000000168e-02 6.654904999999999263e-05
2.669597989949745731e-02 -2.060984999999999987e-04 2.400000000000000050e-02 6.650435000000000981e-05
1.601758793969865202e-02 -2.060389999999999834e-04 1.366670000000000038e-02 6.651924999999999505e-05
5.339195979899624689e-03 -2.061135000000000181e-04 2.666669999999999891e-03 6.650434999999999626e-05
-5.339195979899402644e-03 -2.058310000000000153e-04 -6.500000000000000569e-03 6.678745000000000038e-05
-1.601758793969842998e-02 -2.055625000000000160e-04 -1.866664999999999991e-02 6.696630000000000291e-05
-2.669597989949745731e-02 -2.054730000000000163e-04 -3.049999999999999933e-02 6.710040000000000557e-05
-3.737437185929648464e-02 -2.054730000000000163e-04 -3.950000000000000039e-02 6.716000000000000073e-05
-4.805276381909551198e-02 -2.053690000000000051e-04 -5.249999999999999806e-02 6.720469999999999710e-05
-5.873115577889431727e-02 -2.053389999999999935e-04 -6.466664999999999219e-02 6.720469999999999710e-05
-6.940954773869334460e-02 -2.052644999999999860e-04 -7.250000000000000888e-02 6.730899999999998863e-05
-8.008793969849237193e-02 -2.052199999999999901e-04 -8.316665000000000862e-02 6.736860000000001090e-05
-9.076633165829139926e-02 -2.052045000000000171e-04 -9.400000000000000022e-02 6.739840000000000848e-05
-1.014447236180904266e-01 -2.052345000000000016e-04 -1.039999999999999952e-01 6.736860000000001090e-05
-1.121231155778894539e-01 -2.051154999999999981e-04 -1.143335000000000046e-01 6.748780000000000122e-05
-1.228015075376884813e-01 -2.050854999999999866e-04 -1.270000000000000018e-01 6.747289999999998887e-05
-1.334798994974872866e-01 -2.050555000000000021e-04 -1.376670000000000116e-01 6.756230000000000872e-05
-1.441582914572863139e-01 -2.050259999999999984e-04 -1.478329999999999922e-01 6.760705000000000859e-05
-1.548366834170853412e-01 -2.049815000000000025e-04 -1.600000000000000033e-01 6.751759999999999880e-05
-1.655150753768843686e-01 -2.049665000000000102e-04 -1.695000000000000118e-01 6.762190000000000388e-05
-1.761934673366833959e-01 -2.049814999999999754e-04 -1.799999999999999933e-01 6.756230000000000872e-05
-1.868718592964824232e-01 -2.049665000000000102e-04 -1.920000000000000040e-01 6.763685000000000617e-05
-1.975502512562812285e-01 -2.049364999999999987e-04 -2.020000000000000129e-01 6.769645000000000133e-05
-2.082286432160802558e-01 -2.049514999999999909e-04 -2.113335000000000075e-01 6.766665000000000375e-05
-2.189070351758792832e-01 -2.048624999999999990e-04 -2.221664999999999890e-01 6.769645000000000133e-05
-2.295854271356783105e-01 -2.048915000000000220e-04 -2.328335000000000266e-01 6.769645000000000133e-05
-2.402638190954773378e-01 -2.048619999999999912e-04 -2.431665000000000076e-01 6.772624999999999891e-05
-2.509422110552763652e-01 -2.049215000000000064e-04 -2.540000000000000036e-01 6.765174999999999141e-05
-2.616206030150753925e-01 -2.049215000000000064e-04 -2.654999999999999583e-01 6.763685000000000617e-05
-2.722989949748741978e-01 -2.048770000000000105e-04 -2.745000000000000218e-01 6.769645000000000133e-05
-2.829773869346732251e-01 -2.048770000000000105e-04 -2.854999999999999760e-01 6.765174999999999141e-05
-2.936557788944722525e-01 -2.049215000000000064e-04 -2.961664999999999992e-01 6.768155000000000254e-05
-3.043341708542712798e-01 -2.048469999999999989e-04 -3.084999999999999964e-01 6.777095000000000883e-05
-3.150125628140703071e-01 -2.048619999999999912e-04 -3.176664999999999628e-01 6.772624999999999891e-05
-3.256909547738693345e-01 -2.049514999999999909e-04 -3.293329999999999869e-01 6.766665000000000375e-05
-3.363693467336683618e-01 -2.049660000000000024e-04 -3.391665000000000374e-01 6.763685000000000617e-05
-3.470477386934671671e-01 -2.048770000000000105e-04 -3.506664999999999921e-01 6.772624999999999891e-05
-3.577261306532661944e-01 -2.048920000000000027e-04 -3.619999999999999885e-01 6.765174999999999141e-05
-3.684045226130652217e-01 -2.049069999999999950e-04 -3.738334999999999853e-01 6.768155000000000254e-05
-3.790829145728642491e-01 -2.048619999999999912e-04 -3.823329999999999784e-01 6.774115000000001125e-05
-3.897613065326632764e-01 -2.048624999999999990e-04 -3.946669999999999900e-01 6.766665000000000375e-05
-4.004396984924623037e-01 -2.049064999999999871e-04 -4.014999999999999680e-01 6.766665000000000375e-05
-4.111180904522613311e-01 -2.049064999999999871e-04 -4.138334999999999653e-01 6.766665000000000375e-05
-4.217964824120601364e-01 -2.049064999999999871e-04 -4.253330000000000166e-01 6.771135000000000012e-05
-4.324748743718591637e-01 -2.048920000000000027e-04 -4.350000000000000533e-01 6.766665000000000375e-05
-4.431532663316581910e-01 -2.049064999999999871e-04 -4.463334999999999941e-01 6.766665000000000375e-05
-4.538316582914572184e-01 -2.049064999999999871e-04 -4.573335000000000039e-01 6.769645000000000133e-05
-4.645100502512562457e-01 -2.048915000000000220e-04 -4.675000000000000266e-01 6.771135000000000012e-05
-4.751884422110552730e-01 -2.048469999999999989e-04 -4.771664999999999934e-01 6.772624999999999891e-05
-4.858668341708540783e-01 -2.048770000000000105e-04 -4.906670000000000198e-01 6.766665000000000375e-05
-4.965452261306531057e-01 -2.049364999999999987e-04 -5.004999999999999449e-01 6.766665000000000375e-05
-5.072236180904521330e-01 -2.048770000000000105e-04 -5.116665000000000241e-01 6.772624999999999891e-05
-5.179020100502511603e-01 -2.049215000000000064e-04 -5.216665000000000330e-01 6.762194999999999383e-05
-5.285804020100501877e-01 -2.049215000000000064e-04 -5.316665000000000418e-01 6.763685000000000617e-05
-5.392587939698492150e-01 -2.048770000000000105e-04 -5.431664999999999965e-01 6.774115000000001125e-05
-5.499371859296482423e-01 -2.048915000000000220e-04 -5.533335000000000337e-01 6.769645000000000133e-05
-5.606155778894470476e-01 -2.048320000000000067e-04 -5.636664999999999592e-01 6.775604999999999649e-05
-5.712939698492460749e-01 -2.048474999999999797e-04 -5.748334999999999972e-01 6.775604999999999649e-05
-5.819723618090451023e-01 -2.048770000000000105e-04 -5.843335000000000612e-01 6.771135000000000012e-05
-5.926507537688441296e-01 -2.048469999999999989e-04 -5.961665000000000436e-01 6.775604999999999649e-05
-6.033291457286431569e-01 -2.048469999999999989e-04 -6.074999999999999289e-01 6.772624999999999891e-05
-6.140075376884421843e-01 -2.048325000000000146e-04 -6.161665000000000614e-01 6.774114999999999770e-05
-6.246859296482412116e-01 -2.048915000000000220e-04 -6.281669999999999199e-01 6.768155000000000254e-05
-6.353643216080400169e-01 -2.048475000000000068e-04 -6.396669999999999856e-01 6.769645000000000133e-05
-6.460427135678390442e-01 -2.048920000000000027e-04 -6.490000000000000213e-01 6.769645000000000133e-05
-6.567211055276380716e-01 -2.048469999999999989e-04 -6.596664999999999335e-01 6.775604999999999649e-05
-6.673994974874370989e-01 -2.048770000000000105e-04 -6.688335000000000807e-01 6.766665000000000375e-05
-6.780778894472361262e-01 -2.048474999999999797e-04 -6.830000000000000515e-01 6.774114999999999770e-05
-6.887562814070351536e-01 -2.048619999999999912e-04 -6.941669999999999785e-01 6.775604999999999649e-05
-6.994346733668341809e-01 -2.048619999999999912e-04 -7.019999999999999574e-01 6.771135000000000012e-05
-7.101130653266329862e-01 -2.048770000000000105e-04 -7.143334999999999546e-01 6.774114999999999770e-05
-7.207914572864320135e-01 -2.048474999999999797e-04 -7.219999999999999751e-01 6.769645000000000133e-05
-7.314698492462310409e-01 -2.048475000000000068e-04 -7.348334999999999173e-01 6.775604999999999649e-05
-7.421482412060300682e-01 -2.048174999999999952e-04 -7.446669999999999678e-01 6.778584999999999407e-05
-7.528266331658290955e-01 -2.048919999999999756e-04 -7.570000000000000062e-01 6.772624999999999891e-05
-7.635050251256281229e-01 -2.048474999999999797e-04 -7.675000000000000711e-01 6.775604999999999649e-05
-7.741834170854269281e-01 -2.048770000000000105e-04 -7.784999999999999698e-01 6.778584999999999407e-05
-7.848618090452259555e-01 -2.048770000000000105e-04 -7.893329999999999513e-01 6.769645000000000133e-05
-7.955402010050249828e-01 -2.048174999999999952e-04 -7.991665000000000019e-01 6.775604999999999649e-05
-8.062185929648240101e-01 -2.048325000000000146e-04 -8.106664999999999566e-01 6.777095000000000883e-05
-8.168969849246230375e-01 -2.047579999999999800e-04 -8.206664999999999655e-01 6.787525000000000036e-05
-8.275753768844220648e-01 -2.048025000000000030e-04 -8.308335000000000026e-01 6.781565000000000520e-05
-8.382537688442210921e-01 -2.048025000000000030e-04 -8.406670000000000531e-01 6.780075000000000641e-05
-8.489321608040198974e-01 -2.046834999999999996e-04 -8.526669999999999527e-01 6.790504999999999794e-05
-8.596105527638189248e-01 -2.047130000000000033e-04 -8.643334999999999768e-01 6.790505000000001149e-05
-8.702889447236179521e-01 -2.046685000000000073e-04 -8.728335000000000399e-01 6.786035000000000157e-05
-8.809673366834169794e-01 -2.046829999999999917e-04 -8.834999999999999520e-01 6.786035000000000157e-05
-8.916457286432160068e-01 -2.046980000000000110e-04 -8.956665000000000321e-01 6.789014999999999915e-05
-9.023241206030150341e-01 -2.046980000000000110e-04 -9.063335000000000141e-01 6.784544999999998923e-05
-9.130025125628140614e-01 -2.047279999999999955e-04 -9.156670000000000087e-01 6.786035000000000157e-05
-9.236809045226128667e-01 -2.046834999999999996e-04 -9.279999999999999361e-01 6.793484999999999552e-05
-9.343592964824118940e-01 -2.047130000000000033e-04 -9.386664999999999592e-01 6.790504999999999794e-05
-9.450376884422109214e-01 -2.047279999999999955e-04 -9.476670000000000371e-01 6.786035000000000157e-05
-9.557160804020097267e-01 -2.047279999999999955e-04 -9.595000000000000195e-01 6.787525000000000036e-05
-9.663944723618089760e-01 -2.047130000000000033e-04 -9.701664999999999317e-01 6.789014999999999915e-05
-9.770728643216077813e-01 -2.046834999999999996e-04 -9.808330000000000659e-01 6.787525000000000036e-05
-9.877512562814070307e-01 -2.046980000000000110e-04 -9.906669999999999643e-01 6.791994999999999673e-05
-9.984296482412058360e-01 -2.046980000000000110e-04 -1.000830000000000108e+00 6.790505000000001149e-05
-1.009108040201005085e+00 -2.047279999999999955e-04 -1.011835000000000040e+00 6.783055000000000399e-05
-1.019786432160803891e+00 -2.046834999999999996e-04 -1.022334999999999994e+00 6.790504999999999794e-05
-1.030464824120602696e+00 -2.046684999999999802e-04 -1.032499999999999973e+00 6.789014999999999915e-05
-1.041143216080401945e+00 -2.046235000000000035e-04 -1.045335000000000125e+00 6.796465000000000665e-05
-1.051821608040200751e+00 -2.046534999999999880e-04 -1.056000000000000050e+00 6.793485000000000907e-05
-1.062500000000000000e+00 -2.046684999999999802e-04 -1.067664999999999864e+00 6.791994999999999673e-05
