-9.375000000000000000e-01 -1.523206666666666734e-04 1.150376666666666816e-05 1.202626666666666765e-04
-9.185606060606060774e-01 -1.524296666666666549e-04 1.141436666666666525e-05 1.201833333333333318e-04
-8.996212121212121549e-01 -1.524099999999999858e-04 1.134480000000000021e-05 1.201536666666666678e-04
-8.806818181818181213e-01 -1.522710000000000198e-04 1.146403333333333240e-05 1.203520000000000024e-04
-8.617424242424241987e-01 -1.523106666666666786e-04 1.147396666666666550e-05 1.202923333333333404e-04
-8.428030303030302761e-01 -1.523899999999999962e-04 1.131496666666666753e-05 1.202030000000000009e-04
-8.238636363636363535e-01 -1.526283333333333235e-04 1.132493333333333233e-05 1.199646666666666735e-04
-8.049242424242424310e-01 -1.524796666666666833e-04 1.120573333333333354e-05 1.201040000000000007e-04
-7.859848484848485084e-01 -1.525686666666666751e-04 1.132493333333333233e-05 1.199846666666666632e-04
-7.670454545454545858e-01 -1.523303333333333206e-04 1.129513333333333306e-05 1.202426666666666597e-04
-7.481060606060605522e-01 -1.522706666666666722e-04 1.129513333333333306e-05 1.202923333333333404e-04
-7.291666666666666297e-01 -1.525093333333333472e-04 1.137459999999999948e-05 1.200543333333333335e-04
-7.102272727272727071e-01 -1.524300000000000026e-04 1.123556666666666622e-05 1.201433333333333390e-04
-6.912878787878787845e-01 -1.523999999999999910e-04 1.128519999999999827e-05 1.201833333333333318e-04
-6.723484848484848619e-01 -1.522013333333333224e-04 1.128523333333333337e-05 1.203619999999999972e-04
-6.534090909090908283e-01 -1.521319999999999997e-04 1.133490000000000052e-05 1.204613333333333180e-04
-6.344696969696970168e-01 -1.521913333333333547e-04 1.122563333333333482e-05 1.203719999999999920e-04
-6.155303030303029832e-01 -1.521416666666666740e-04 1.122559999999999803e-05 1.204316666666666540e-04
-5.965909090909090606e-01 -1.520719999999999765e-04 1.122560000000000142e-05 1.205010000000000038e-04
-5.776515151515151381e-01 -1.521616666666666636e-04 1.116596666666666777e-05 1.204416666666666759e-04
-5.587121212121212155e-01 -1.521020000000000152e-04 1.123549999999999941e-05 1.205409999999999967e-04
-5.397727272727272929e-01 -1.521516666666666688e-04 1.125536666666666728e-05 1.204316666666666540e-04
-5.208333333333332593e-01 -1.521416666666666740e-04 1.118583333333333226e-05 1.204413333333333283e-04
-5.018939393939394478e-01 -1.520523333333333345e-04 1.110636666666666583e-05 1.205210000000000070e-04
-4.829545454545454142e-01 -1.522113333333333443e-04 1.102693333333333451e-05 1.203816666666666663e-04
-4.640151515151514916e-01 -1.522906666666666619e-04 1.108650000000000134e-05 1.202926666666666745e-04
-4.450757575757575690e-01 -1.521316666666666520e-04 1.105670000000000037e-05 1.204316666666666540e-04
-4.261363636363636465e-01 -1.521319999999999997e-04 1.121563333333333492e-05 1.204416666666666759e-04
-4.071969696969697239e-01 -1.519926666666666590e-04 1.127526666666666518e-05 1.206103333333333330e-04
-3.882575757575756903e-01 -1.518240000000000019e-04 1.111630000000000062e-05 1.207693333333333292e-04
-3.693181818181817677e-01 -1.518440000000000187e-04 1.109646666666666615e-05 1.207493333333333396e-04
-3.503787878787878451e-01 -1.521816666666666532e-04 1.131500000000000093e-05 1.204120000000000120e-04
-3.314393939393939226e-01 -1.519033333333333466e-04 1.121563333333333322e-05 1.206403333333333445e-04
-3.125000000000000000e-01 -1.519829999999999846e-04 1.133486666666666712e-05 1.205606666666666658e-04
-2.935606060606060774e-01 -1.520923333333333409e-04 1.134480000000000021e-05 1.204910000000000090e-04
-2.746212121212121549e-01 -1.519829999999999846e-04 1.123553333333333281e-05 1.206006666666666586e-04
-2.556818181818181213e-01 -1.521319999999999997e-04 1.119579999999999875e-05 1.204316666666666540e-04
-2.367424242424241987e-01 -1.520823333333333461e-04 1.121563333333333492e-05 1.205409999999999967e-04
-2.178030303030302761e-01 -1.519729999999999898e-04 1.135469999999999989e-05 1.206399999999999969e-04
-1.988636363636363535e-01 -1.520623333333333293e-04 1.125540000000000069e-05 1.205606666666666658e-04
-1.799242424242424310e-01 -1.524396666666666498e-04 1.120570000000000013e-05 1.201136666666666750e-04
-1.609848484848485084e-01 -1.523203333333333258e-04 1.112623333333333371e-05 1.202626666666666765e-04
-1.420454545454544748e-01 -1.521220000000000048e-04 1.108649999999999795e-05 1.204316666666666540e-04
-1.231060606060605522e-01 -1.521716666666666584e-04 1.115603333333333468e-05 1.204116666666666644e-04
-1.041666666666666297e-01 -1.522510000000000031e-04 1.127526666666666518e-05 1.203223333333333384e-04
-8.522727272727270709e-02 -1.521023333333333357e-04 1.127523333333333516e-05 1.204910000000000090e-04
-6.628787878787878451e-02 -1.521613333333333160e-04 1.124543333333333250e-05 1.204316666666666811e-04
-4.734848484848486194e-02 -1.518933333333333247e-04 1.125536666666666728e-05 1.206996666666666724e-04
-2.840909090909082835e-02 -1.518240000000000019e-04 1.121563333333333322e-05 1.207396666666666653e-04
-9.469696969696905775e-03 -1.519829999999999846e-04 1.129513333333333306e-05 1.205806666666666555e-04
9.469696969697016797e-03 -1.519629999999999950e-04 1.127526666666666518e-05 1.206006666666666586e-04
2.840909090909093937e-02 -1.519233333333333362e-04 1.134480000000000021e-05 1.206696666666666609e-04
4.734848484848486194e-02 -1.519926666666666590e-04 1.132493333333333233e-05 1.206103333333333194e-04
6.628787878787889554e-02 -1.518436666666666711e-04 1.150376666666666816e-05 1.207593333333333344e-04
8.522727272727270709e-02 -1.517146666666666728e-04 1.130506666666666784e-05 1.208883333333333191e-04
1.041666666666667407e-01 -1.516453333333333230e-04 1.139450000000000076e-05 1.209283333333333391e-04
1.231060606060605522e-01 -1.517643333333333264e-04 1.142429999999999835e-05 1.208090000000000016e-04
1.420454545454545858e-01 -1.518140000000000071e-04 1.150376666666666816e-05 1.207596666666666685e-04
1.609848484848486194e-01 -1.519233333333333362e-04 1.159316666666666768e-05 1.206996666666666724e-04
1.799242424242424310e-01 -1.519430000000000054e-04 1.137459999999999948e-05 1.206499999999999917e-04
1.988636363636364646e-01 -1.519533333333333478e-04 1.132493333333333233e-05 1.206106666666666535e-04
2.178030303030302761e-01 -1.517246666666666676e-04 1.121566666666666663e-05 1.208886666666666667e-04
2.367424242424243097e-01 -1.516253333333333333e-04 1.107659999999999996e-05 1.209483333333333287e-04
2.556818181818181213e-01 -1.514759999999999978e-04 1.093750000000000158e-05 1.210870000000000148e-04
2.746212121212121549e-01 -1.516549999999999973e-04 1.109643333333333274e-05 1.209580000000000030e-04
2.935606060606061884e-01 -1.513769999999999840e-04 1.120569999999999844e-05 1.211766666666666748e-04
3.125000000000000000e-01 -1.512676666666666820e-04 1.131500000000000093e-05 1.213553333333333402e-04
3.314393939393940336e-01 -1.512973333333333188e-04 1.110636666666666583e-05 1.212956666666666783e-04
3.503787878787878451e-01 -1.514366666666666595e-04 1.119580000000000045e-05 1.211569999999999921e-04
3.693181818181818787e-01 -1.512476666666666381e-04 1.147396666666666719e-05 1.213456666666666659e-04
3.882575757575756903e-01 -1.511683333333333206e-04 1.141436666666666525e-05 1.214246666666666630e-04
4.071969696969697239e-01 -1.513073333333333408e-04 1.149383333333333337e-05 1.213059999999999936e-04
4.261363636363637575e-01 -1.513070000000000203e-04 1.152359999999999924e-05 1.213156666666666679e-04
4.450757575757575690e-01 -1.513273333333333304e-04 1.142429999999999835e-05 1.212660000000000143e-04
4.640151515151516026e-01 -1.512676666666666820e-04 1.126530000000000038e-05 1.213256666666666763e-04
4.829545454545454142e-01 -1.514563333333333287e-04 1.127523333333333516e-05 1.211269999999999941e-04
5.018939393939394478e-01 -1.513970000000000008e-04 1.118583333333333226e-05 1.211666666666666664e-04
5.208333333333334814e-01 -1.512576666666666872e-04 1.140440000000000045e-05 1.213456666666666659e-04
5.397727272727272929e-01 -1.514466666666666815e-04 1.130506666666666784e-05 1.211469999999999973e-04
5.587121212121213265e-01 -1.514466666666666815e-04 1.133486666666666542e-05 1.211370000000000025e-04
5.776515151515151381e-01 -1.516053333333333437e-04 1.144416666666666792e-05 1.209679999999999978e-04
5.965909090909091717e-01 -1.515656666666666578e-04 1.136466666666666808e-05 1.209880000000000010e-04
6.155303030303029832e-01 -1.513769999999999840e-04 1.135473333333333330e-05 1.211666666666666664e-04
6.344696969696970168e-01 -1.514663333333333506e-04 1.129513333333333306e-05 1.211070000000000045e-04
6.534090909090910504e-01 -1.513966666666666531e-04 1.113619999999999851e-05 1.211766666666666613e-04
6.723484848484848619e-01 -1.513370000000000047e-04 1.132496666666666574e-05 1.212463333333333181e-04
6.912878787878788955e-01 -1.512280000000000232e-04 1.118583333333333226e-05 1.213356666666666711e-04
7.102272727272727071e-01 -1.511783333333333154e-04 1.120570000000000013e-05 1.213953333333333331e-04
7.291666666666667407e-01 -1.511883333333333373e-04 1.105670000000000037e-05 1.213953333333333195e-04
7.481060606060605522e-01 -1.511283333333333142e-04 1.111630000000000062e-05 1.214450000000000138e-04
7.670454545454545858e-01 -1.510689999999999863e-04 1.121566666666666663e-05 1.214746666666666777e-04
7.859848484848486194e-01 -1.511583333333333258e-04 1.114613333333333330e-05 1.214249999999999970e-04
8.049242424242424310e-01 -1.510989999999999979e-04 1.109643333333333274e-05 1.215043333333333417e-04
8.238636363636364646e-01 -1.509793333333333263e-04 1.111633333333333402e-05 1.216336666666666604e-04
8.428030303030302761e-01 -1.508106666666666422e-04 1.099713333333333184e-05 1.217830000000000231e-04
8.617424242424243097e-01 -1.510289999999999799e-04 1.096729999999999916e-05 1.215839999999999933e-04
8.806818181818183433e-01 -1.509696666666666791e-04 1.113616666666666511e-05 1.215939999999999881e-04
8.996212121212121549e-01 -1.510089999999999902e-04 1.117590000000000086e-05 1.215940000000000017e-04
9.185606060606061884e-01 -1.508603333333333500e-04 1.099709999999999844e-05 1.217133333333333392e-04
9.375000000000000000e-01 -1.508206666666666641e-04 1.110639999999999924e-05 1.217726666666666671e-04
9.375000000000000000e-01 -1.507113333333333350e-04 1.108653333333333136e-05 1.218723333333333354e-04
9.185606060606060774e-01 -1.506616666666666814e-04 1.099713333333333184e-05 1.219123333333333283e-04
8.996212121212121549e-01 -1.506813333333333505e-04 1.100703333333333322e-05 1.219220000000000026e-04
8.806818181818181213e-01 -1.505323333333333355e-04 1.100703333333333322e-05 1.220610000000000092e-04
8.617424242424241987e-01 -1.506416666666666917e-04 1.092756666666666680e-05 1.219216666666666685e-04
8.428030303030302761e-01 -1.506020000000000058e-04 1.093749999999999989e-05 1.219913333333333253e-04
8.238636363636363535e-01 -1.505130000000000140e-04 1.098716666666666704e-05 1.220609999999999821e-04
8.049242424242424310e-01 -1.506420000000000122e-04 1.086796666666666655e-05 1.219520000000000006e-04
7.859848484848485084e-01 -1.505623333333333471e-04 1.077856666666666704e-05 1.220210000000000028e-04
7.670454545454545858e-01 -1.508899999999999868e-04 1.097723333333333225e-05 1.216833333333333412e-04
7.481060606060605522e-01 -1.509396666666666675e-04 1.106666666666666687e-05 1.216636666666666449e-04
7.291666666666666297e-01 -1.509896666666666687e-04 1.101696666666666631e-05 1.215843333333333274e-04
7.102272727272727071e-01 -1.509796666666666739e-04 1.126533333333333378e-05 1.215739999999999985e-04
6.912878787878787845e-01 -1.508406666666666808e-04 1.145406666666666421e-05 1.217529999999999979e-04
6.723484848484848619e-01 -1.506219999999999955e-04 1.123553333333333281e-05 1.219616666666666749e-04
6.534090909090908283e-01 -1.507413333333333194e-04 1.116600000000000117e-05 1.218626666666666611e-04
6.344696969696970168e-01 -1.508303333333333384e-04 1.113616666666666511e-05 1.217430000000000031e-04
6.155303030303029832e-01 -1.508803333333333396e-04 1.109643333333333274e-05 1.216936666666666565e-04
5.965909090909090606e-01 -1.509300000000000203e-04 1.122559999999999803e-05 1.216736666666666668e-04
5.776515151515151381e-01 -1.507810000000000053e-04 1.121566666666666663e-05 1.218126666666666599e-04
5.587121212121212155e-01 -1.505823333333333638e-04 1.115606666666666639e-05 1.219716666666666697e-04
5.397727272727272929e-01 -1.509199999999999984e-04 1.122556666666666801e-05 1.216236666666666656e-04
5.208333333333332593e-01 -1.508803333333333396e-04 1.128519999999999827e-05 1.217333333333333288e-04
5.018939393939394478e-01 -1.509793333333333263e-04 1.119580000000000045e-05 1.216136666666666708e-04
4.829545454545454142e-01 -1.509696666666666791e-04 1.094743333333333467e-05 1.216039999999999965e-04
4.640151515151514916e-01 -1.512676666666666549e-04 1.081829999999999940e-05 1.213556666666666607e-04
4.450757575757575690e-01 -1.512676666666666549e-04 1.108653333333333475e-05 1.213156666666666679e-04
4.261363636363636465e-01 -1.510489999999999966e-04 1.105670000000000037e-05 1.215343333333333261e-04
4.071969696969697239e-01 -1.509196666666666779e-04 1.106666666666666518e-05 1.216336666666666604e-04
3.882575757575756903e-01 -1.510786666666666606e-04 1.125540000000000069e-05 1.214946666666666674e-04
3.693181818181817677e-01 -1.512576666666666601e-04 1.119580000000000045e-05 1.213456666666666659e-04
3.503787878787878451e-01 -1.513373333333333523e-04 1.115606666666666639e-05 1.212366666666666709e-04
3.314393939393939226e-01 -1.513469999999999995e-04 1.102693333333333451e-05 1.212363333333333503e-04
3.125000000000000000e-01 -1.513173333333333356e-04 1.106663333333333347e-05 1.212860000000000039e-04
2.935606060606060774e-01 -1.513770000000000111e-04 1.096729999999999916e-05 1.211966666666666645e-04
2.746212121212121549e-01 -1.512876666666666716e-04 1.097723333333333225e-05 1.212559999999999924e-04
2.556818181818181213e-01 -1.512379999999999909e-04 1.107656666666666656e-05 1.213756666666666639e-04
2.367424242424241987e-01 -1.512476666666666652e-04 1.106666666666666687e-05 1.213456666666666659e-04
2.178030303030302761e-01 -1.512380000000000180e-04 1.105669999999999868e-05 1.213556666666666607e-04
1.988636363636363535e-01 -1.512376666666666704e-04 1.099710000000000183e-05 1.213653333333333350e-04
1.799242424242424310e-01 -1.511483333333333309e-04 1.108650000000000134e-05 1.214249999999999970e-04
1.609848484848485084e-01 -1.513670000000000163e-04 1.109643333333333274e-05 1.212263333333333284e-04
1.420454545454544748e-01 -1.513669999999999892e-04 1.125540000000000069e-05 1.212166666666666541e-04
1.231060606060605522e-01 -1.512873333333333511e-04 1.137463333333333289e-05 1.213056666666666731e-04
1.041666666666666297e-01 -1.513169999999999880e-04 1.116599999999999948e-05 1.212559999999999924e-04
8.522727272727270709e-02 -1.513473333333333201e-04 1.122559999999999803e-05 1.212959999999999988e-04
6.628787878787878451e-02 -1.514066666666666751e-04 1.124546666666666760e-05 1.211766666666666613e-04
4.734848484848486194e-02 -1.515259999999999990e-04 1.136470000000000149e-05 1.210673333333333186e-04
2.840909090909082835e-02 -1.515953333333333217e-04 1.131503333333333434e-05 1.209779999999999927e-04
9.469696969696905775e-03 -1.516950000000000037e-04 1.127530000000000197e-05 1.208690000000000112e-04
-9.469696969697016797e-03 -1.515656666666666578e-04 1.132496666666666574e-05 1.209976666666666618e-04
-2.840909090909093937e-02 -1.517343333333333419e-04 1.117590000000000086e-05 1.208590000000000028e-04
-4.734848484848486194e-02 -1.517046666666666780e-04 1.130506666666666784e-05 1.208786666666666719e-04
-6.628787878787889554e-02 -1.516053333333333437e-04 1.123553333333333281e-05 1.209779999999999927e-04
-8.522727272727270709e-02 -1.515953333333333489e-04 1.114613333333333330e-05 1.209479999999999946e-04
-1.041666666666667407e-01 -1.516450000000000296e-04 1.116603333333333289e-05 1.209480000000000082e-04
-1.231060606060605522e-01 -1.516453333333333501e-04 1.116603333333333458e-05 1.209483333333333287e-04
-1.420454545454545858e-01 -1.515853333333333540e-04 1.119580000000000045e-05 1.209779999999999927e-04
-1.609848484848486194e-01 -1.516153333333333114e-04 1.127529999999999859e-05 1.209783333333333267e-04
-1.799242424242424310e-01 -1.517346666666666895e-04 1.126533333333333378e-05 1.208490000000000080e-04
-1.988636363636364646e-01 -1.518039999999999852e-04 1.107660000000000166e-05 1.207496666666666737e-04
-2.178030303030302761e-01 -1.519130000000000209e-04 1.115609999999999979e-05 1.206499999999999917e-04
-2.367424242424243097e-01 -1.520323333333333448e-04 1.116599999999999948e-05 1.205206666666666730e-04
-2.556818181818181213e-01 -1.520423333333333668e-04 1.121570000000000004e-05 1.205506666666666710e-04
-2.746212121212121549e-01 -1.520126666666666486e-04 1.143423333333333313e-05 1.205706666666666606e-04
-2.935606060606061884e-01 -1.520129999999999962e-04 1.131503333333333434e-05 1.205806666666666555e-04
-3.125000000000000000e-01 -1.520030000000000285e-04 1.152363333333333265e-05 1.205609999999999999e-04
-3.314393939393940336e-01 -1.520923333333333409e-04 1.132493333333333233e-05 1.204909999999999819e-04
-3.503787878787878451e-01 -1.520819999999999984e-04 1.120576666666666695e-05 1.205109999999999987e-04
-3.693181818181818787e-01 -1.522013333333333224e-04 1.127530000000000197e-05 1.203616666666666631e-04
-3.882575757575756903e-01 -1.520026666666666809e-04 1.136469999999999810e-05 1.205806666666666690e-04
-4.071969696969697239e-01 -1.520126666666666486e-04 1.128519999999999827e-05 1.205409999999999967e-04
-4.261363636363637575e-01 -1.519430000000000054e-04 1.142426666666666663e-05 1.207000000000000065e-04
-4.450757575757575690e-01 -1.519626666666666745e-04 1.121566666666666663e-05 1.206203333333333278e-04
-4.640151515151516026e-01 -1.517046666666666780e-04 1.129513333333333306e-05 1.209083333333333494e-04
-4.829545454545454142e-01 -1.517346666666666624e-04 1.130506666666666615e-05 1.208490000000000080e-04
-5.018939393939394478e-01 -1.518536666666666930e-04 1.128519999999999996e-05 1.207693333333333292e-04
-5.208333333333334814e-01 -1.517446666666666573e-04 1.122560000000000142e-05 1.208486666666666603e-04
-5.397727272727272929e-01 -1.517443333333333368e-04 1.131500000000000093e-05 1.208590000000000028e-04
-5.587121212121213265e-01 -1.517843333333333431e-04 1.132493333333333233e-05 1.208786666666666719e-04
-5.776515151515151381e-01 -1.520126666666666486e-04 1.120570000000000013e-05 1.205506666666666710e-04
-5.965909090909091717e-01 -1.518039999999999852e-04 1.133486666666666542e-05 1.207989999999999932e-04
-6.155303030303029832e-01 -1.518536666666666659e-04 1.143419999999999972e-05 1.207596666666666549e-04
-6.344696969696970168e-01 -1.517046666666666780e-04 1.145406666666666760e-05 1.209583333333333371e-04
-6.534090909090910504e-01 -1.517943333333333109e-04 1.136466666666666470e-05 1.207989999999999932e-04
-6.723484848484848619e-01 -1.520026666666666538e-04 1.129513333333333306e-05 1.205606666666666658e-04
-6.912878787878788955e-01 -1.521120000000000100e-04 1.117593333333333427e-05 1.204516666666666707e-04
-7.102272727272727071e-01 -1.517643333333333264e-04 1.105673333333333209e-05 1.208090000000000016e-04
-7.291666666666667407e-01 -1.516850000000000088e-04 1.115606666666666639e-05 1.209086666666666699e-04
-7.481060606060605522e-01 -1.516850000000000088e-04 1.125540000000000069e-05 1.209683333333333319e-04
-7.670454545454545858e-01 -1.517046666666666780e-04 1.124549999999999931e-05 1.208389999999999860e-04
-7.859848484848486194e-01 -1.517446666666666573e-04 1.129516666666666646e-05 1.208393333333333336e-04
-8.049242424242424310e-01 -1.517839999999999955e-04 1.137463333333333289e-05 1.207596666666666549e-04
-8.238636363636364646e-01 -1.520126666666666486e-04 1.139446666666666736e-05 1.205409999999999967e-04
-8.428030303030302761e-01 -1.519926666666666590e-04 1.132496666666666574e-05 1.206003333333333246e-04
-8.617424242424243097e-01 -1.518339999999999967e-04 1.126533333333333378e-05 1.207199999999999961e-04
-8.806818181818183433e-01 -1.519233333333333362e-04 1.130506666666666615e-05 1.206103333333333330e-04
-8.996212121212121549e-01 -1.520523333333333345e-04 1.135476666666666671e-05 1.205506666666666710e-04
-9.185606060606061884e-01 -1.522113333333333443e-04 1.132493333333333233e-05 1.203723333333333261e-04
-9.375000000000000000e-01 -1.522906666666666619e-04 1.130506666666666615e-05 1.202926666666666745e-04
