-1.250000000000000000e+00 -2.029546666666666498e-04 -1.253999999999999782e+00 6.962863333333333283e-05
-1.233221476510067083e+00 -2.029546666666666498e-04 -1.235666666666666691e+00 6.962863333333333283e-05
-1.216442953020134166e+00 -2.029843333333333137e-04 -1.217999999999999972e+00 6.960876666666666326e-05
-1.199664429530201248e+00 -2.030043333333333576e-04 -1.202890000000000015e+00 6.956903333333333767e-05
-1.182885906040268553e+00 -2.029946666666666833e-04 -1.185670000000000002e+00 6.957896666666666568e-05
-1.166107382550335636e+00 -2.029843333333333137e-04 -1.169780000000000042e+00 6.960876666666666326e-05
-1.149328859060402719e+00 -2.030046666666666510e-04 -1.152223333333333377e+00 6.956903333333333767e-05
-1.132550335570469802e+00 -2.029843333333333137e-04 -1.135556666666666770e+00 6.961869999999999127e-05
-1.115771812080536884e+00 -2.029646666666666717e-04 -1.118663333333333343e+00 6.961870000000000482e-05
-1.098993288590603967e+00 -2.029846666666666613e-04 -1.101443333333333330e+00 6.958890000000000724e-05
-1.082214765100671050e+00 -2.029446666666666549e-04 -1.083669999999999911e+00 6.963856666666666084e-05
-1.065436241610738133e+00 -2.030043333333333576e-04 -1.068113333333333026e+00 6.958890000000000724e-05
-1.048657718120805438e+00 -2.030146666666666729e-04 -1.052776666666666694e+00 6.954916666666666810e-05
-1.031879194630872520e+00 -2.029743333333333189e-04 -1.035333333333333217e+00 6.959883333333332170e-05
-1.015100671140939603e+00 -2.030046666666666510e-04 -1.018443333333333145e+00 6.956903333333333767e-05
-9.983221476510066861e-01 -2.029843333333333137e-04 -1.000554333333333323e+00 6.960876666666666326e-05
-9.815436241610737689e-01 -2.029846666666666613e-04 -9.847776666666666623e-01 6.959883333333333525e-05
-9.647651006711409627e-01 -2.029746666666666936e-04 -9.682223333333332960e-01 6.961870000000000482e-05
-9.479865771812080455e-01 -2.029746666666666936e-04 -9.515556666666666885e-01 6.960876666666666326e-05
-9.312080536912752393e-01 -2.029943333333333357e-04 -9.346666666666667567e-01 6.959883333333332170e-05
-9.144295302013423221e-01 -2.029843333333333137e-04 -9.164443333333333053e-01 6.960876666666666326e-05
-8.976510067114094049e-01 -2.030143333333333253e-04 -9.008889999999999398e-01 6.956903333333333767e-05
-8.808724832214764877e-01 -2.030439999999999892e-04 -8.844443333333332768e-01 6.954916666666665455e-05
-8.640939597315435705e-01 -2.029646666666666717e-04 -8.668886666666667518e-01 6.961870000000000482e-05
-8.473154362416107643e-01 -2.029646666666666717e-04 -8.503333333333333854e-01 6.960876666666666326e-05
-8.305369127516778471e-01 -2.030043333333333576e-04 -8.341110000000000468e-01 6.957896666666666568e-05
-8.137583892617450410e-01 -2.029846666666666613e-04 -8.156670000000000309e-01 6.960876666666666326e-05
-7.969798657718121238e-01 -2.030340000000000215e-04 -7.997776666666666090e-01 6.955909999999999611e-05
-7.802013422818792066e-01 -2.029943333333333357e-04 -7.814446666666666763e-01 6.958889999999999369e-05
-7.634228187919462894e-01 -2.030736666666666532e-04 -7.660000000000000142e-01 6.951936666666667052e-05
-7.466442953020133722e-01 -2.031136666666666596e-04 -7.518886666666665386e-01 6.946969999999998981e-05
-7.298657718120805660e-01 -2.031236666666666815e-04 -7.323333333333333917e-01 6.945976666666667536e-05
-7.130872483221476488e-01 -2.031636666666666608e-04 -7.172223333333334061e-01 6.941006666666666802e-05
-6.963087248322147316e-01 -2.031436666666666712e-04 -6.986666666666666581e-01 6.943990000000000579e-05
-6.795302013422819254e-01 -2.031040000000000395e-04 -6.827776666666668381e-01 6.947963333333333138e-05
-6.627516778523490082e-01 -2.031336666666666492e-04 -6.683336666666667147e-01 6.944983333333333380e-05
-6.459731543624160910e-01 -2.031436666666666712e-04 -6.504443333333334021e-01 6.942993333333333759e-05
-6.291946308724831738e-01 -2.030836666666666751e-04 -6.322223333333333306e-01 6.948956666666665938e-05
-6.124161073825503676e-01 -2.031136666666666596e-04 -6.167776666666666685e-01 6.946966666666666318e-05
-5.956375838926174504e-01 -2.031136666666666596e-04 -5.987779999999999214e-01 6.945976666666667536e-05
-5.788590604026845332e-01 -2.030836666666666751e-04 -5.816670000000000451e-01 6.949950000000000095e-05
-5.620805369127517270e-01 -2.031136666666666596e-04 -5.652223333333333821e-01 6.946966666666666318e-05
-5.453020134228188098e-01 -2.031136666666666596e-04 -5.481113333333333948e-01 6.945976666666667536e-05
-5.285234899328858926e-01 -2.031136666666666596e-04 -5.318890000000000562e-01 6.946970000000001692e-05
-5.117449664429529754e-01 -2.031536666666666389e-04 -5.152219999999999578e-01 6.943986666666666560e-05
-4.949664429530201692e-01 -2.031336666666667035e-04 -4.987776666666666192e-01 6.945973333333332162e-05
-4.781879194630872520e-01 -2.031236666666666815e-04 -4.803330000000000655e-01 6.945973333333332162e-05
-4.614093959731543348e-01 -2.031136666666666596e-04 -4.644443333333334034e-01 6.945973333333332162e-05
-4.446308724832215287e-01 -2.031433333333333236e-04 -4.500000000000000111e-01 6.942993333333333759e-05
-4.278523489932886115e-01 -2.030940000000000176e-04 -4.322223333333334305e-01 6.948956666666667294e-05
-4.110738255033556943e-01 -2.030740000000000008e-04 -4.135556666666666548e-01 6.949950000000000095e-05
-3.942953020134227771e-01 -2.030936666666666700e-04 -3.982223333333332893e-01 6.949950000000000095e-05
-3.775167785234899709e-01 -2.030740000000000008e-04 -3.816666666666666541e-01 6.950943333333334251e-05
-3.607382550335570537e-01 -2.031036666666666648e-04 -3.637779999999999903e-01 6.948956666666665938e-05
-3.439597315436241365e-01 -2.031036666666666648e-04 -3.478890000000000593e-01 6.946966666666666318e-05
-3.271812080536912193e-01 -2.031336666666666492e-04 -3.291109999999999869e-01 6.944980000000000717e-05
-3.104026845637584131e-01 -2.031036666666666648e-04 -3.133329999999999727e-01 6.947963333333333138e-05
-2.936241610738254959e-01 -2.031336666666666492e-04 -2.974443333333333661e-01 6.944980000000000717e-05
-2.768456375838925787e-01 -2.031633333333333674e-04 -2.805556666666667032e-01 6.942993333333333759e-05
-2.600671140939597725e-01 -2.031633333333333132e-04 -2.622220000000000106e-01 6.942993333333333759e-05
-2.432885906040267443e-01 -2.031039999999999853e-04 -2.465553333333333486e-01 6.946966666666666318e-05
-2.265100671140940491e-01 -2.031436666666666712e-04 -2.293333333333333612e-01 6.944980000000000717e-05
-2.097315436241611319e-01 -2.031236666666666815e-04 -2.159996666666666731e-01 6.945973333333334873e-05
-1.929530201342282147e-01 -2.031236666666666815e-04 -1.962220000000000075e-01 6.944980000000000717e-05
-1.761744966442952975e-01 -2.031833333333333028e-04 -1.807776666666666421e-01 6.940013333333332646e-05
-1.593959731543623803e-01 -2.031236666666666815e-04 -1.622223333333333295e-01 6.944980000000000717e-05
-1.426174496644294631e-01 -2.031136666666666596e-04 -1.447776666666666656e-01 6.947960000000000475e-05
-1.258389261744965459e-01 -2.030936666666666428e-04 -1.292223333333333279e-01 6.950943333333332896e-05
-1.090604026845638508e-01 -2.030839999999999956e-04 -1.131113333333333415e-01 6.950943333333332896e-05
-9.228187919463093358e-02 -2.031036666666666648e-04 -9.599999999999998812e-02 6.948956666666667294e-05
-7.550335570469801638e-02 -2.031333333333333558e-04 -7.966666666666666341e-02 6.945976666666667536e-05
-5.872483221476509918e-02 -2.031236666666666815e-04 -6.188886666666667397e-02 6.945976666666667536e-05
-4.194630872483218198e-02 -2.031236666666666815e-04 -4.533333333333333659e-02 6.945973333333332162e-05
-2.516778523489926478e-02 -2.031039999999999853e-04 -2.711113333333333222e-02 6.947963333333333138e-05
-8.389261744966347578e-03 -2.030940000000000176e-04 -9.000003333333334368e-03 6.949950000000000095e-05
8.389261744966347578e-03 -2.031436666666666712e-04 4.666666666666667053e-03 6.943989999999999223e-05
2.516778523489926478e-02 -2.035506666666666827e-04 2.388886666666666450e-02 6.903260000000000039e-05
4.194630872483218198e-02 -2.036599999999999576e-04 3.766670000000000434e-02 6.892330000000001144e-05
5.872483221476509918e-02 -2.038190000000000216e-04 5.599999999999999423e-02 6.877426666666666981e-05
7.550335570469801638e-02 -2.038686666666666752e-04 7.377776666666667482e-02 6.870473333333333309e-05
9.228187919463093358e-02 -2.038883333333333173e-04 9.011109999999999953e-02 6.868486666666666351e-05
1.090604026845638508e-01 -2.039183333333333559e-04 1.067776666666666596e-01 6.865506666666667949e-05
1.258389261744965459e-01 -2.039879999999999992e-04 1.252223333333333244e-01 6.860539999999999878e-05
1.426174496644294631e-01 -2.040376666666666799e-04 1.402219999999999855e-01 6.856566666666665964e-05
1.593959731543623803e-01 -2.040773333333333387e-04 1.571113333333333528e-01 6.851600000000000604e-05
1.761744966442952975e-01 -2.040673333333333167e-04 1.762223333333333419e-01 6.851600000000000604e-05
1.929530201342282147e-01 -2.041266666666666718e-04 1.926670000000000049e-01 6.844646666666666932e-05
2.097315436241611319e-01 -2.041966666666666626e-04 2.093333333333333435e-01 6.838686666666667416e-05
2.265100671140940491e-01 -2.042263333333333266e-04 2.258886666666666543e-01 6.836700000000000459e-05
2.432885906040267443e-01 -2.041566666666666562e-04 2.408889999999999920e-01 6.841666666666667174e-05
2.600671140939596615e-01 -2.041863333333333202e-04 2.576666666666666550e-01 6.838686666666667416e-05
2.768456375838925787e-01 -2.041863333333333473e-04 2.745553333333333179e-01 6.837693333333333260e-05
2.936241610738254959e-01 -2.042163333333333588e-04 2.921110000000000095e-01 6.836700000000000459e-05
3.104026845637584131e-01 -2.041663333333333305e-04 3.074446666666666994e-01 6.839680000000001572e-05
3.271812080536913303e-01 -2.041766666666666730e-04 3.253333333333333077e-01 6.840673333333333018e-05
3.439597315436242475e-01 -2.041966666666666626e-04 3.436666666666667314e-01 6.837693333333333260e-05
3.607382550335569427e-01 -2.041966666666666626e-04 3.590003333333333657e-01 6.839679999999998862e-05
3.775167785234898599e-01 -2.041766666666666730e-04 3.762223333333333808e-01 6.838686666666667416e-05
3.942953020134227771e-01 -2.042063333333333369e-04 3.916666666666666630e-01 6.838686666666667416e-05
4.110738255033556943e-01 -2.041566666666666562e-04 4.096666666666666790e-01 6.841666666666667174e-05
4.278523489932886115e-01 -2.042260000000000332e-04 4.248890000000000167e-01 6.834713333333333502e-05
4.446308724832215287e-01 -2.041963333333333150e-04 4.426666666666667083e-01 6.838686666666667416e-05
4.614093959731544459e-01 -2.041669999999999987e-04 4.585553333333333703e-01 6.842659999999999975e-05
4.781879194630873631e-01 -2.041866666666666407e-04 4.750003333333333022e-01 6.839679999999998862e-05
4.949664429530200582e-01 -2.042560000000000176e-04 4.924443333333333173e-01 6.832726666666667900e-05
5.117449664429529754e-01 -2.042459999999999686e-04 5.093333333333333046e-01 6.833719999999999346e-05
5.285234899328858926e-01 -2.042163333333333588e-04 5.272220000000000795e-01 6.836700000000000459e-05
5.453020134228188098e-01 -2.041866666666666949e-04 5.439996666666666592e-01 6.838686666666667416e-05
5.620805369127517270e-01 -2.041963333333333150e-04 5.605556666666666743e-01 6.838686666666667416e-05
5.788590604026846442e-01 -2.042063333333333369e-04 5.783333333333332549e-01 6.838686666666667416e-05
5.956375838926175614e-01 -2.041863333333333473e-04 5.941109999999999447e-01 6.837693333333333260e-05
6.124161073825502566e-01 -2.042163333333333046e-04 6.093336666666666623e-01 6.836700000000000459e-05
6.291946308724831738e-01 -2.042066666666666845e-04 6.280000000000000027e-01 6.838686666666667416e-05
6.459731543624160910e-01 -2.042463333333333162e-04 6.444443333333333968e-01 6.834713333333333502e-05
6.627516778523490082e-01 -2.042066666666666845e-04 6.606663333333333554e-01 6.837693333333333260e-05
6.795302013422819254e-01 -2.041766666666666730e-04 6.774443333333333150e-01 6.839679999999998862e-05
6.963087248322148426e-01 -2.042166666666666523e-04 6.943329999999999780e-01 6.835706666666666303e-05
7.130872483221477598e-01 -2.042063333333333369e-04 7.115553333333334285e-01 6.838686666666667416e-05
7.298657718120804549e-01 -2.042563333333333381e-04 7.276669999999999527e-01 6.832726666666665190e-05
7.466442953020133722e-01 -2.041666666666666510e-04 7.446666666666666989e-01 6.840673333333333018e-05
7.634228187919465114e-01 -2.041766666666666730e-04 7.613333333333333064e-01 6.840673333333333018e-05
7.802013422818792066e-01 -2.041766666666666730e-04 7.765553333333333752e-01 6.839679999999998862e-05
7.969798657718119017e-01 -2.041863333333333473e-04 7.938890000000000668e-01 6.838686666666667416e-05
8.137583892617450410e-01 -2.041269999999999923e-04 8.108890000000000819e-01 6.845640000000001088e-05
8.305369127516777361e-01 -2.043056666666666712e-04 8.278889999999999860e-01 6.828753333333333986e-05
8.473154362416108754e-01 -2.043256666666666609e-04 8.444443333333332413e-01 6.825773333333334228e-05
8.640939597315435705e-01 -2.043259999999999814e-04 8.624443333333333683e-01 6.825773333333334228e-05
8.808724832214767098e-01 -2.043453333333333300e-04 8.776666666666667060e-01 6.822793333333334470e-05
8.976510067114094049e-01 -2.043849999999999888e-04 8.972223333333332329e-01 6.820806666666666157e-05
9.144295302013421001e-01 -2.043653333333333467e-04 9.111113333333333841e-01 6.821799999999998958e-05
9.312080536912752393e-01 -2.043553333333333248e-04 9.294446666666665857e-01 6.823786666666667271e-05
9.479865771812079345e-01 -2.043456666666666505e-04 9.451113333333333033e-01 6.823786666666665916e-05
9.647651006711410737e-01 -2.043159999999999866e-04 9.625556666666666983e-01 6.827759999999999830e-05
9.815436241610737689e-01 -2.042959999999999969e-04 9.798890000000000100e-01 6.829746666666666787e-05
9.983221476510069081e-01 -2.043156666666666660e-04 9.965556666666666175e-01 6.826766666666667029e-05
1.015100671140939603e+00 -2.042959999999999969e-04 1.012886666666666713e+00 6.828753333333333986e-05
1.031879194630872298e+00 -2.043253333333333404e-04 1.030776666666666674e+00 6.825773333333334228e-05
1.048657718120805438e+00 -2.043160000000000408e-04 1.046446666666666525e+00 6.826766666666665674e-05
1.065436241610738133e+00 -2.043553333333333248e-04 1.062333333333333352e+00 6.821800000000000314e-05
1.082214765100671272e+00 -2.043156666666666660e-04 1.080666666666666664e+00 6.826766666666665674e-05
1.098993288590603967e+00 -2.043256666666666609e-04 1.096996666666666620e+00 6.825773333333334228e-05
1.115771812080537106e+00 -2.043256666666666609e-04 1.114000000000000101e+00 6.826766666666665674e-05
1.132550335570469802e+00 -2.043256666666666609e-04 1.130443333333333245e+00 6.824780000000000072e-05
1.149328859060402497e+00 -2.043453333333333300e-04 1.147999999999999909e+00 6.821800000000000314e-05
1.166107382550335636e+00 -2.043453333333333300e-04 1.162223333333333386e+00 6.822793333333333115e-05
1.182885906040268331e+00 -2.043649999999999991e-04 1.181443333333333401e+00 6.820806666666666157e-05
1.199664429530201470e+00 -2.043356666666666828e-04 1.197333333333333139e+00 6.822793333333333115e-05
1.216442953020134166e+00 -2.043153333333333184e-04 1.214663333333333206e+00 6.825773333333334228e-05
1.233221476510067305e+00 -2.043453333333333300e-04 1.230889999999999818e+00 6.824780000000000072e-05
1.250000000000000000e+00 -2.043849999999999888e-04 1.246329999999999938e+00 6.819813333333334712e-05
1.250000000000000000e+00 -2.043456666666667047e-04 1.248333333333333295e+00 6.822793333333333115e-05
1.233221476510067083e+00 -2.042956666666666222e-04 1.230556666666666521e+00 6.826766666666667029e-05
1.216442953020134166e+00 -2.043356666666666828e-04 1.213663333333333316e+00 6.823786666666665916e-05
1.199664429530201248e+00 -2.043256666666666609e-04 1.196886666666666654e+00 6.824780000000000072e-05
1.182885906040268553e+00 -2.043156666666666660e-04 1.180776666666666808e+00 6.825773333333334228e-05
1.166107382550335636e+00 -2.042959999999999969e-04 1.163553333333333439e+00 6.827759999999999830e-05
1.149328859060402719e+00 -2.043156666666666660e-04 1.147776666666666667e+00 6.825773333333332873e-05
1.132550335570469802e+00 -2.043256666666666609e-04 1.131669999999999954e+00 6.825773333333332873e-05
1.115771812080536884e+00 -2.043453333333333300e-04 1.113443333333333340e+00 6.823786666666667271e-05
1.098993288590603967e+00 -2.043156666666666660e-04 1.097669999999999924e+00 6.825773333333334228e-05
1.082214765100671050e+00 -2.043453333333333300e-04 1.080223333333333313e+00 6.824780000000000072e-05
1.065436241610738133e+00 -2.042663333333333330e-04 1.065000000000000169e+00 6.831733333333333744e-05
1.048657718120805438e+00 -2.043356666666666828e-04 1.046000000000000041e+00 6.823786666666665916e-05
1.031879194630872520e+00 -2.043056666666666712e-04 1.029113333333333324e+00 6.827759999999999830e-05
1.015100671140939603e+00 -2.043056666666666441e-04 1.013223333333333365e+00 6.827759999999999830e-05
9.983221476510066861e-01 -2.042856666666666545e-04 9.964443333333332653e-01 6.828753333333333986e-05
9.815436241610737689e-01 -2.043056666666666441e-04 9.804443333333333621e-01 6.828753333333333986e-05
9.647651006711409627e-01 -2.043256666666666609e-04 9.626663333333332906e-01 6.825773333333332873e-05
9.479865771812080455e-01 -2.042860000000000021e-04 9.456666666666665444e-01 6.828753333333333986e-05
9.312080536912752393e-01 -2.042959999999999969e-04 9.286670000000000202e-01 6.827759999999999830e-05
9.144295302013423221e-01 -2.043156666666666660e-04 9.116666666666666252e-01 6.827759999999999830e-05
8.976510067114094049e-01 -2.042860000000000021e-04 8.952223333333333422e-01 6.828753333333333986e-05
8.808724832214764877e-01 -2.043060000000000188e-04 8.792223333333333279e-01 6.828753333333333986e-05
8.640939597315435705e-01 -2.043060000000000188e-04 8.618890000000000162e-01 6.828753333333333986e-05
8.473154362416107643e-01 -2.043156666666666660e-04 8.443330000000001112e-01 6.826766666666667029e-05
8.305369127516778471e-01 -2.043256666666666609e-04 8.272223333333332818e-01 6.825773333333332873e-05
8.137583892617450410e-01 -2.043156666666666660e-04 8.108890000000000819e-01 6.826766666666665674e-05
7.969798657718121238e-01 -2.042860000000000021e-04 7.949999999999999289e-01 6.830739999999999588e-05
7.802013422818792066e-01 -2.042163333333333046e-04 7.784443333333334047e-01 6.837693333333333260e-05
7.634228187919462894e-01 -2.041570000000000309e-04 7.622220000000000661e-01 6.843653333333332776e-05
7.466442953020133722e-01 -2.041366666666666666e-04 7.440003333333332636e-01 6.844646666666666932e-05
7.298657718120805660e-01 -2.040973333333333283e-04 7.283336666666665460e-01 6.848620000000000846e-05
7.130872483221476488e-01 -2.041269999999999923e-04 7.109996666666665854e-01 6.845640000000001088e-05
6.963087248322147316e-01 -2.041566666666666833e-04 6.927776666666666250e-01 6.842659999999999975e-05
6.795302013422819254e-01 -2.041369999999999871e-04 6.770000000000000462e-01 6.843653333333334131e-05
6.627516778523490082e-01 -2.041266666666666718e-04 6.605553333333333832e-01 6.843653333333332776e-05
6.459731543624160910e-01 -2.041366666666666666e-04 6.437776666666666925e-01 6.842659999999999975e-05
6.291946308724831738e-01 -2.041466666666666614e-04 6.262219999999999454e-01 6.843653333333334131e-05
6.124161073825503676e-01 -2.041466666666666614e-04 6.094446666666666346e-01 6.843653333333334131e-05
5.956375838926174504e-01 -2.041369999999999871e-04 5.942223333333332969e-01 6.844646666666666932e-05
5.788590604026845332e-01 -2.041666666666666510e-04 5.756666666666666599e-01 6.843653333333334131e-05
5.620805369127517270e-01 -2.041666666666666510e-04 5.588890000000000802e-01 6.841666666666665819e-05
5.453020134228188098e-01 -2.041166666666666769e-04 5.421113333333333895e-01 6.845640000000001088e-05
5.285234899328858926e-01 -2.041366666666666666e-04 5.267776666666666996e-01 6.843653333333334131e-05
5.117449664429529754e-01 -2.041169999999999974e-04 5.103333333333334165e-01 6.846633333333332534e-05
4.949664429530201692e-01 -2.041366666666666937e-04 4.922219999999999929e-01 6.844646666666666932e-05
4.781879194630872520e-01 -2.041470000000000090e-04 4.748890000000000611e-01 6.844646666666666932e-05
4.614093959731543348e-01 -2.041169999999999974e-04 4.580000000000000182e-01 6.846633333333333889e-05
4.446308724832215287e-01 -2.041366666666666666e-04 4.430000000000000049e-01 6.845640000000001088e-05
4.278523489932886115e-01 -2.041266666666666718e-04 4.259999999999999898e-01 6.844646666666666932e-05
4.110738255033556943e-01 -2.041366666666666666e-04 4.082223333333332982e-01 6.845640000000001088e-05
3.942953020134227771e-01 -2.041169999999999974e-04 3.908886666666666621e-01 6.846633333333332534e-05
3.775167785234899709e-01 -2.041169999999999974e-04 3.764446666666667052e-01 6.847626666666666690e-05
3.607382550335570537e-01 -2.041269999999999923e-04 3.583333333333333370e-01 6.845640000000001088e-05
3.439597315436241365e-01 -2.041269999999999923e-04 3.436663333333333514e-01 6.844646666666666932e-05
3.271812080536912193e-01 -2.041570000000000309e-04 3.257776666666666876e-01 6.842659999999999975e-05
3.104026845637584131e-01 -2.041073333333333231e-04 3.074443333333333750e-01 6.847626666666666690e-05
2.936241610738254959e-01 -2.040873333333333335e-04 2.922223333333333617e-01 6.848620000000000846e-05
2.768456375838925787e-01 -2.040873333333333335e-04 2.751110000000000499e-01 6.849613333333333647e-05
2.600671140939597725e-01 -2.041266666666666718e-04 2.572220000000000062e-01 6.846633333333332534e-05
2.432885906040267443e-01 -2.041169999999999974e-04 2.404446666666666399e-01 6.845640000000001088e-05
2.265100671140940491e-01 -2.040873333333333335e-04 2.260000000000000064e-01 6.849613333333333647e-05
2.097315436241611319e-01 -2.040970000000000078e-04 2.078886666666666383e-01 6.849613333333333647e-05
1.929530201342282147e-01 -2.041270000000000194e-04 1.917780000000000040e-01 6.845639999999998378e-05
1.761744966442952975e-01 -2.041073333333333231e-04 1.734446666666666637e-01 6.846633333333332534e-05
1.593959731543623803e-01 -2.041466666666666614e-04 1.571110000000000007e-01 6.843653333333332776e-05
1.426174496644294631e-01 -2.041169999999999974e-04 1.393333333333333368e-01 6.846633333333332534e-05
1.258389261744965459e-01 -2.040973333333333283e-04 1.245556666666666618e-01 6.848620000000000846e-05
1.090604026845638508e-01 -2.040773333333333387e-04 1.074443333333333223e-01 6.849613333333333647e-05
9.228187919463093358e-02 -2.040870000000000130e-04 8.955556666666665555e-02 6.849613333333333647e-05
7.550335570469801638e-02 -2.040773333333333387e-04 7.433333333333334847e-02 6.850606666666666448e-05
5.872483221476509918e-02 -2.041173333333333451e-04 5.788890000000000008e-02 6.846633333333332534e-05
4.194630872483218198e-02 -2.041070000000000026e-04 3.922223333333333534e-02 6.847626666666666690e-05
2.516778523489926478e-02 -2.041169999999999974e-04 2.333333333333333440e-02 6.847626666666666690e-05
8.389261744966347578e-03 -2.040973333333333283e-04 5.888890000000000791e-03 6.848619999999999491e-05
-8.389261744966347578e-03 -2.037096666666666654e-04 -1.066664333333333138e-02 6.887360000000000411e-05
-2.516778523489926478e-02 -2.035706666666666723e-04 -2.755556666666666987e-02 6.900276666666666262e-05
-4.194630872483218198e-02 -2.034413333333333265e-04 -4.400000000000000439e-02 6.914186666666666270e-05
-5.872483221476509918e-02 -2.033419999999999922e-04 -6.244443333333332680e-02 6.924119999999999700e-05
-7.550335570469801638e-02 -2.032726666666666694e-04 -8.000000000000000167e-02 6.931073333333333372e-05
-9.228187919463093358e-02 -2.032030000000000262e-04 -9.500003333333333078e-02 6.937033333333332888e-05
-1.090604026845638508e-01 -2.031633333333333132e-04 -1.117776666666666641e-01 6.942996666666666422e-05
-1.258389261744965459e-01 -2.031339999999999969e-04 -1.304443333333333566e-01 6.944983333333333380e-05
-1.426174496644294631e-01 -2.030839999999999956e-04 -1.458889999999999909e-01 6.947963333333333138e-05
-1.593959731543623803e-01 -2.030439999999999892e-04 -1.621113333333333573e-01 6.953923333333332654e-05
-1.761744966442952975e-01 -2.030243333333333472e-04 -1.794443333333333168e-01 6.956903333333333767e-05
-1.929530201342282147e-01 -2.029746666666666936e-04 -1.961110000000000075e-01 6.959883333333333525e-05
-2.097315436241611319e-01 -2.029446666666666549e-04 -2.128886666666666427e-01 6.964850000000000240e-05
-2.265100671140940491e-01 -2.029249999999999858e-04 -2.298890000000000100e-01 6.965843333333334396e-05
-2.432885906040267443e-01 -2.029249999999999858e-04 -2.477776666666666738e-01 6.965843333333333041e-05
-2.600671140939596615e-01 -2.029346666666666601e-04 -2.625556666666666317e-01 6.964850000000000240e-05
-2.768456375838925787e-01 -2.029346666666666601e-04 -2.814446666666666763e-01 6.965843333333333041e-05
-2.936241610738254959e-01 -2.029049999999999962e-04 -2.983333333333333393e-01 6.966836666666667197e-05
-3.104026845637584131e-01 -2.029346666666666601e-04 -3.127780000000000005e-01 6.964850000000000240e-05
-3.271812080536913303e-01 -2.029546666666666498e-04 -3.305556666666666366e-01 6.963856666666666084e-05
-3.439597315436242475e-01 -2.029350000000000077e-04 -3.473336666666666517e-01 6.963856666666666084e-05
-3.607382550335569427e-01 -2.029449999999999755e-04 -3.647776666666666667e-01 6.963856666666666084e-05
-3.775167785234898599e-01 -2.029049999999999962e-04 -3.817776666666666263e-01 6.966836666666667197e-05
-3.942953020134227771e-01 -2.029346666666666601e-04 -3.965556666666666952e-01 6.965843333333333041e-05
-4.110738255033556943e-01 -2.029249999999999858e-04 -4.138890000000000069e-01 6.965843333333334396e-05
-4.278523489932886115e-01 -2.029350000000000077e-04 -4.317776666666666707e-01 6.964850000000000240e-05
-4.446308724832215287e-01 -2.029746666666666936e-04 -4.475556666666666294e-01 6.960876666666666326e-05
-4.614093959731544459e-01 -2.029053333333333438e-04 -4.638889999999999958e-01 6.967829999999999998e-05
-4.781879194630873631e-01 -2.029350000000000077e-04 -4.807776666666667142e-01 6.965843333333333041e-05
-4.949664429530200582e-01 -2.028953333333333219e-04 -4.994443333333333790e-01 6.967829999999999998e-05
-5.117449664429529754e-01 -2.029153333333333657e-04 -5.150000000000000133e-01 6.965843333333334396e-05
-5.285234899328858926e-01 -2.029253333333333334e-04 -5.324446666666666772e-01 6.964850000000000240e-05
-5.453020134228188098e-01 -2.029350000000000077e-04 -5.474443333333333106e-01 6.965843333333334396e-05
-5.620805369127517270e-01 -2.028653333333333374e-04 -5.655556666666666787e-01 6.971803333333333912e-05
-5.788590604026846442e-01 -2.029450000000000297e-04 -5.822223333333332862e-01 6.964850000000000240e-05
-5.956375838926175614e-01 -2.029149999999999910e-04 -5.993333333333333846e-01 6.966836666666667197e-05
-6.124161073825502566e-01 -2.029249999999999858e-04 -6.155556666666667232e-01 6.964850000000000240e-05
-6.291946308724831738e-01 -2.029350000000000077e-04 -6.331109999999999793e-01 6.964850000000000240e-05
-6.459731543624160910e-01 -2.028950000000000285e-04 -6.497779999999999667e-01 6.967829999999999998e-05
-6.627516778523490082e-01 -2.029049999999999962e-04 -6.667779999999999818e-01 6.966836666666667197e-05
-6.795302013422819254e-01 -2.029049999999999962e-04 -6.841110000000000246e-01 6.967829999999999998e-05
-6.963087248322148426e-01 -2.029149999999999910e-04 -6.982223333333333892e-01 6.965843333333333041e-05
-7.130872483221477598e-01 -2.028950000000000285e-04 -7.166670000000000540e-01 6.967829999999999998e-05
-7.298657718120804549e-01 -2.028753333333333322e-04 -7.319999999999998730e-01 6.970809999999999756e-05
-7.466442953020133722e-01 -2.028853333333333270e-04 -7.499996666666666201e-01 6.970809999999999756e-05
-7.634228187919465114e-01 -2.029149999999999910e-04 -7.676663333333332284e-01 6.967829999999999998e-05
-7.802013422818792066e-01 -2.029249999999999858e-04 -7.842220000000000857e-01 6.964850000000000240e-05
-7.969798657718119017e-01 -2.029446666666666549e-04 -8.002220000000000999e-01 6.963856666666666084e-05
-8.137583892617450410e-01 -2.027459999999999863e-04 -8.181110000000000326e-01 6.983723333333332944e-05
-8.305369127516777361e-01 -2.027759999999999979e-04 -8.336670000000000469e-01 6.979749999999999030e-05
-8.473154362416108754e-01 -2.028056666666666619e-04 -8.503336666666666543e-01 6.979750000000000385e-05
-8.640939597315435705e-01 -2.027860000000000198e-04 -8.671109999999999651e-01 6.979750000000000385e-05
-8.808724832214767098e-01 -2.027459999999999863e-04 -8.842223333333333324e-01 6.982729999999998788e-05
-8.976510067114094049e-01 -2.027956666666666942e-04 -9.000003333333332911e-01 6.978756666666666229e-05
-9.144295302013421001e-01 -2.027659999999999760e-04 -9.180000000000000382e-01 6.982729999999998788e-05
-9.312080536912752393e-01 -2.028056666666666619e-04 -9.335556666666667835e-01 6.977763333333333428e-05
-9.479865771812079345e-01 -2.028156666666666838e-04 -9.507776666666666321e-01 6.976770000000000627e-05
-9.647651006711410737e-01 -2.028256666666666786e-04 -9.673333333333333783e-01 6.976769999999999272e-05
-9.815436241610737689e-01 -2.027956666666666399e-04 -9.861109999999998488e-01 6.980743333333333186e-05
-9.983221476510069081e-01 -2.027956666666666942e-04 -1.001113333333333300e+00 6.978756666666666229e-05
-1.015100671140939603e+00 -2.028156666666666838e-04 -1.016669999999999963e+00 6.977763333333333428e-05
-1.031879194630872298e+00 -2.027956666666666399e-04 -1.033776666666666566e+00 6.979749999999999030e-05
-1.048657718120805438e+00 -2.027856666666666722e-04 -1.050776666666666692e+00 6.979749999999999030e-05
-1.065436241610738133e+00 -2.027756666666667045e-04 -1.068666666666666432e+00 6.980743333333333186e-05
-1.082214765100671272e+00 -2.027856666666666722e-04 -1.084780000000000078e+00 6.979750000000000385e-05
-1.098993288590603967e+00 -2.028056666666666619e-04 -1.103666666666666574e+00 6.977763333333333428e-05
-1.115771812080537106e+00 -2.027860000000000198e-04 -1.119220000000000104e+00 6.979749999999999030e-05
-1.132550335570469802e+00 -2.027756666666667045e-04 -1.135556666666666770e+00 6.980743333333333186e-05
-1.149328859060402497e+00 -2.027756666666667045e-04 -1.152556666666666674e+00 6.980743333333333186e-05
-1.166107382550335636e+00 -2.027956666666666399e-04 -1.168666666666666520e+00 6.978756666666666229e-05
-1.182885906040268331e+00 -2.027560000000000083e-04 -1.185556666666666592e+00 6.982730000000000143e-05
-1.199664429530201470e+00 -2.028056666666666619e-04 -1.201889999999999903e+00 6.976769999999999272e-05
-1.216442953020134166e+00 -2.027659999999999760e-04 -1.218556666666666510e+00 6.981736666666667342e-05
-1.233221476510067305e+00 -2.027759999999999979e-04 -1.235776666666666523e+00 6.980743333333333186e-05
-1.250000000000000000e+00 -2.027856666666666722e-04 -1.252996666666666536e+00 6.980743333333333186e-05
